FAN	FAN_PREDICTOR	HALF	t	nss_mean	nss_nanmean	n_nan	n_subjects	method	dt	n_norm	SIGMA_X	SIGMA_Y	SIGMA_T	dt_max	qf0	qf1	qf2	qf3	qf4	qf5	nss0	nss1	nss2	nss3	nss4	nss5	nss6	nss7	nss8	total_time
FCB	BVB	1	741720000	2.708374e+00	2.708374e+00	0	9	xy-grid	210000	40000	68.430000	68.430000	26250.000000	40000	13	12	9	13	13	0	-2.906861e-01	7.661603e+00	-2.937028e-01	6.310714e+00	1.387345e+00	3.753062e+00	6.425992e+00	-2.853530e-01	-2.936113e-01	23.384000
FCB	BVB	1	741760000	2.418489e+00	2.418489e+00	0	9	xy-grid	210000	40000	68.430000	68.430000	26250.000000	40000	11	12	9	13	13	0	-3.135636e-01	3.699151e+00	-2.618559e-01	6.581530e+00	2.124739e+00	5.691936e+00	3.065537e+00	1.472474e+00	-2.935447e-01	23.494000
FCB	BVB	1	741800000	2.162591e+00	2.162591e+00	0	9	xy-grid	210000	40000	68.430000	68.430000	26250.000000	40000	12	12	11	13	11	0	-3.032919e-01	5.854041e+00	-2.981502e-01	6.431703e+00	7.782744e-01	2.438365e+00	3.413955e+00	1.472371e+00	-3.239464e-01	23.743000
FCB	BVB	1	741840000	3.641827e+00	3.641827e+00	0	9	xy-grid	210000	40000	68.430000	68.430000	26250.000000	40000	12	11	11	12	8	0	-2.533512e-01	6.758327e+00	3.996729e+00	5.768031e+00	4.738645e+00	5.705421e+00	6.007910e+00	3.326493e-01	-2.779179e-01	23.431000
FCB	BVB	1	741880000	2.951458e+00	2.951458e+00	0	9	xy-grid	210000	40000	68.430000	68.430000	26250.000000	40000	11	10	12	13	6	0	-2.782856e-01	8.826269e+00	-2.573492e-01	1.165799e+00	6.653223e+00	3.760930e+00	6.038418e+00	9.046512e-01	-2.505361e-01	23.307000
FCB	BVB	1	741920000	2.029575e+00	2.029575e+00	0	9	xy-grid	210000	40000	68.430000	68.430000	26250.000000	40000	12	11	13	12	3	0	-2.376041e-01	4.189962e+00	-2.401313e-01	1.838241e+00	4.222456e+00	4.011078e+00	3.989735e+00	7.519816e-01	-2.595417e-01	23.103000
FCB	BVB	1	741960000	3.165280e+00	3.165280e+00	0	9	xy-grid	210000	40000	68.430000	68.430000	26250.000000	40000	12	10	11	9	1	0	-2.458561e-01	5.269306e+00	-2.301510e-01	3.565973e+00	6.919170e+00	3.545298e+00	5.324352e+00	4.581690e+00	-2.422646e-01	22.792000
FCB	BVB	1	742000000	3.121617e+00	3.121617e+00	0	9	xy-grid	210000	40000	68.430000	68.430000	26250.000000	40000	13	10	11	7	0	0	-2.451173e-01	3.111448e+00	-2.400906e-01	1.360106e+00	5.068054e+00	4.758929e+00	7.801360e+00	6.706759e+00	-2.268904e-01	22.979000
FCB	BVB	1	742040000	3.424102e+00	3.424102e+00	0	9	xy-grid	210000	40000	68.430000	68.430000	26250.000000	40000	13	10	10	5	2	0	2.977056e+00	3.978212e+00	-2.299875e-01	3.816511e-01	3.220453e+00	5.497101e+00	7.421974e+00	7.799721e+00	-2.292581e-01	22.761000
FCB	BVB	1	742080000	3.281163e+00	3.281163e+00	0	9	xy-grid	210000	40000	68.430000	68.430000	26250.000000	40000	10	11	9	4	5	0	2.282536e+00	2.370844e+00	-2.397525e-01	2.541831e-01	5.296244e+00	3.018499e+00	8.556192e+00	8.213471e+00	-2.217463e-01	22.557000
FCB	BVB	1	742120000	2.814232e+00	2.814232e+00	0	9	xy-grid	210000	40000	68.430000	68.430000	26250.000000	40000	8	11	9	4	7	0	2.831271e+00	4.916564e+00	-3.053995e-01	1.238711e+00	2.244798e+00	1.940884e+00	5.624085e+00	7.147239e+00	-3.100626e-01	22.464000
FCB	BVB	1	742160000	3.007089e+00	3.007089e+00	0	9	xy-grid	210000	40000	68.430000	68.430000	26250.000000	40000	5	11	10	7	10	0	2.936366e+00	3.980999e+00	-3.032106e-01	1.625256e+00	5.015000e+00	1.779104e+00	7.343656e+00	4.940663e+00	-2.540309e-01	22.792000
FCB	BVB	1	742200000	nan	2.184885e+00	1	9	xy-grid	210000	40000	68.430000	68.430000	26250.000000	40000	5	10	10	9	12	0	2.754657e+00	3.990621e+00	-3.167355e-01	2.301296e-01	nan	2.801623e+00	8.103938e+00	2.475604e-01	-3.327120e-01	20.576000
FCB	BVB	1	742240000	2.476607e+00	2.476607e+00	0	9	xy-grid	210000	40000	68.430000	68.430000	26250.000000	40000	5	11	9	11	12	0	2.954313e+00	1.988152e+00	-3.195064e-01	2.063706e+00	3.738626e+00	4.605740e+00	7.377196e+00	1.488935e-01	-2.676612e-01	23.057000
FCB	BVB	1	742280000	2.253088e+00	2.253088e+00	0	9	xy-grid	210000	40000	68.430000	68.430000	26250.000000	40000	7	13	9	13	13	0	4.349914e+00	3.403686e+00	-2.689544e-01	2.883433e+00	2.462131e+00	2.664355e+00	5.252401e+00	-2.035991e-01	-2.655730e-01	23.384000
FCB	BVB	1	742320000	2.518213e+00	2.518213e+00	0	9	xy-grid	210000	40000	68.430000	68.430000	26250.000000	40000	10	12	9	12	12	0	9.318146e-01	3.262820e+00	-3.198817e-01	4.933974e+00	3.723790e+00	2.153873e+00	8.538563e+00	-2.373632e-01	-3.236702e-01	23.275000
FCB	BVB	1	742360000	1.849870e+00	1.849870e+00	0	9	xy-grid	210000	40000	68.430000	68.430000	26250.000000	40000	12	11	9	13	12	0	1.554520e+00	2.232501e+00	-3.205039e-01	2.289861e+00	4.936657e+00	-2.595564e-01	6.738474e+00	-2.847380e-01	-2.383841e-01	23.400000
FCB	BVB	1	742400000	2.043663e+00	2.043663e+00	0	9	xy-grid	210000	40000	68.430000	68.430000	26250.000000	40000	13	12	10	12	13	0	4.321085e+00	2.344738e+00	-2.970480e-01	2.438940e+00	4.931997e+00	-3.175445e-01	5.517941e+00	-2.534547e-01	-2.936905e-01	23.572000
FCB	BVB	1	742440000	2.865403e+00	2.865403e+00	0	9	xy-grid	210000	40000	68.430000	68.430000	26250.000000	40000	13	13	9	13	13	0	5.548400e+00	5.793353e+00	-2.686818e-01	4.459506e+00	5.750434e+00	-2.922622e-01	5.418390e+00	-3.044132e-01	-3.161038e-01	23.416000
FCB	BVB	1	742480000	3.130943e+00	3.130943e+00	0	9	xy-grid	210000	40000	68.430000	68.430000	26250.000000	40000	13	12	10	13	13	0	6.437456e+00	5.347068e+00	-2.506003e-01	5.542853e+00	6.500749e+00	-2.482353e-01	5.387568e+00	-2.581322e-01	-2.802406e-01	23.571000
FCB	BVB	1	742520000	2.574098e+00	2.574098e+00	0	9	xy-grid	210000	40000	68.430000	68.430000	26250.000000	40000	13	13	10	13	12	0	8.177022e+00	5.558617e+00	-2.381783e-01	5.841924e+00	4.799782e+00	-2.385827e-01	-2.430205e-01	-2.479712e-01	-2.427086e-01	23.681000
FCB	BVB	1	742560000	2.533945e+00	2.533945e+00	0	9	xy-grid	210000	40000	68.430000	68.430000	26250.000000	40000	12	12	12	11	12	0	7.580644e+00	7.762058e+00	-2.518691e-01	3.358787e+00	5.336948e+00	-2.329007e-01	-2.424780e-01	-2.608088e-01	-2.448761e-01	23.618000
FCB	BVB	1	742600000	2.870113e+00	2.870113e+00	0	9	xy-grid	210000	40000	68.430000	68.430000	26250.000000	40000	12	13	12	10	13	0	8.460373e+00	6.397223e+00	-2.508322e-01	3.657004e+00	7.655224e+00	-2.510390e-01	6.830813e-01	-2.657773e-01	-2.542427e-01	23.494000
FCB	BVB	1	742640000	nan	1.771339e+00	1	9	xy-grid	210000	40000	68.430000	68.430000	26250.000000	40000	13	13	13	11	13	0	7.570174e+00	-2.535073e-01	-2.291685e-01	3.192860e+00	4.607099e+00	-2.293320e-01	-2.291145e-01	nan	-2.582955e-01	21.247000
FCB	BVB	1	742680000	1.862762e+00	1.862762e+00	0	9	xy-grid	210000	40000	68.430000	68.430000	26250.000000	40000	12	13	12	10	13	0	7.038950e+00	-2.570853e-01	-2.519311e-01	2.317122e+00	6.843109e+00	-2.273368e-01	7.609767e-01	8.013219e-01	-2.602640e-01	23.649000
FCB	BVB	1	742720000	2.945569e+00	2.945569e+00	0	9	xy-grid	210000	40000	68.430000	68.430000	26250.000000	40000	13	13	10	11	13	0	7.042607e+00	-2.747742e-01	-2.307816e-01	3.702273e+00	7.555082e+00	-1.640010e-01	7.752694e+00	1.357931e+00	-2.309135e-01	23.619000
FCB	BVB	1	742760000	nan	2.467884e+00	1	9	xy-grid	210000	40000	68.430000	68.430000	26250.000000	40000	12	12	10	12	13	0	5.957604e+00	-2.631143e-01	nan	-2.734147e-01	6.255305e+00	-2.086973e-01	6.528067e+00	2.015803e+00	-2.684815e-01	20.919000
FCB	BVB	1	742800000	nan	3.064841e+00	1	9	xy-grid	210000	40000	68.430000	68.430000	26250.000000	40000	12	13	8	12	13	0	5.390106e+00	-2.501326e-01	nan	-2.464010e-01	8.135938e+00	-2.451917e-01	7.425499e+00	4.541260e+00	-2.323474e-01	20.733000
FCB	BVB	1	742840000	nan	2.830380e+00	1	9	xy-grid	210000	40000	68.430000	68.430000	26250.000000	40000	13	13	9	13	13	0	6.947284e+00	-2.583373e-01	nan	-2.495638e-01	7.965530e+00	-2.338639e-01	7.000566e+00	1.721897e+00	-2.504752e-01	20.873000
FCB	BVB	1	742880000	nan	2.097380e+00	1	9	xy-grid	210000	40000	68.430000	68.430000	26250.000000	40000	12	12	9	12	13	0	7.117385e+00	-2.596448e-01	nan	-2.560572e-01	6.139005e+00	-2.597540e-01	4.788935e+00	-2.574416e-01	-2.333851e-01	20.794000
FCB	BVB	1	742920000	nan	1.743000e+00	1	9	xy-grid	210000	40000	68.430000	68.430000	26250.000000	40000	13	13	10	13	13	0	4.278389e+00	-2.572160e-01	nan	-2.583468e-01	5.909857e+00	-2.619965e-01	5.061149e+00	-2.607010e-01	-2.671374e-01	21.138000
FCB	BVB	1	742960000	nan	2.071742e+00	1	9	xy-grid	210000	40000	68.430000	68.430000	26250.000000	40000	12	13	10	13	13	0	6.450036e+00	-2.641716e-01	nan	-2.642022e-01	5.870969e+00	-2.432417e-01	5.029236e+00	2.563766e-01	-2.610639e-01	20.982000
FCB	BVB	1	743000000	nan	2.493566e+00	1	9	xy-grid	210000	40000	68.430000	68.430000	26250.000000	40000	13	13	10	13	12	0	5.134876e+00	-2.132239e-01	nan	-2.583526e-01	8.018923e+00	-2.799153e-01	5.483186e+00	2.318707e+00	-2.556732e-01	20.982000
FCB	BVB	1	743040000	2.401275e+00	2.401275e+00	0	9	xy-grid	210000	40000	68.430000	68.430000	26250.000000	40000	12	13	10	13	12	0	5.396460e+00	-1.672031e-01	4.940089e-01	-2.531758e-01	7.598798e+00	-3.092926e-01	5.593362e+00	3.511221e+00	-2.527067e-01	23.603000
FCB	BVB	1	743080000	2.016194e+00	2.016194e+00	0	9	xy-grid	210000	40000	68.430000	68.430000	26250.000000	40000	12	13	9	12	13	0	4.642924e+00	-1.429040e-01	5.835765e-01	-2.616372e-01	7.149829e+00	-2.485282e-01	6.700474e+00	-1.766295e-02	-2.603214e-01	23.494000
FCB	BVB	1	743120000	1.967708e+00	1.967708e+00	0	9	xy-grid	210000	40000	68.430000	68.430000	26250.000000	40000	13	13	10	13	13	0	4.418906e+00	4.458169e-02	-5.655929e-02	-2.618175e-01	7.864942e+00	-2.989613e-01	6.558749e+00	-2.697804e-01	-2.906876e-01	23.619000
FCB	BVB	1	743160000	nan	1.829664e+00	1	9	xy-grid	210000	40000	68.430000	68.430000	26250.000000	40000	12	12	11	12	13	0	5.450977e+00	1.361411e-01	-2.797271e-01	-2.791004e-01	4.771126e+00	-3.224325e-01	5.510598e+00	nan	-3.502703e-01	21.013000
FCB	BVB	1	743200000	2.160808e+00	2.160808e+00	0	9	xy-grid	210000	40000	68.430000	68.430000	26250.000000	40000	13	13	11	13	13	0	5.751732e+00	4.732088e-01	-1.761819e-01	-3.117224e-01	6.940325e+00	-2.758501e-01	7.694426e+00	-3.089607e-01	-3.397042e-01	24.102000
FCB	BVB	1	743240000	1.009955e+00	1.009955e+00	0	9	xy-grid	210000	40000	68.430000	68.430000	26250.000000	40000	13	13	11	13	12	0	-3.743866e-03	2.676090e-01	-2.622444e-01	-2.617341e-01	5.140070e+00	-2.579605e-01	5.104459e+00	-3.242847e-01	-3.125752e-01	23.618000
FCB	BVB	1	743280000	1.765062e+00	1.765062e+00	0	9	xy-grid	210000	40000	68.430000	68.430000	26250.000000	40000	12	13	10	13	13	0	3.071940e-01	-2.716210e-01	-2.832508e-01	-3.457218e-01	6.433919e+00	-3.287533e-01	7.286901e+00	3.417081e+00	-3.301911e-01	23.478000
FCB	BVB	1	743320000	1.493873e+00	1.493873e+00	0	9	xy-grid	210000	40000	68.430000	68.430000	26250.000000	40000	13	13	11	13	12	0	-2.687047e-01	2.090402e+00	-2.912972e-01	-3.259501e-01	1.829957e+00	-3.270605e-01	7.406635e+00	3.621804e+00	-2.909254e-01	23.759000
FCB	BVB	1	743360000	1.555600e+00	1.555600e+00	0	9	xy-grid	210000	40000	68.430000	68.430000	26250.000000	40000	13	13	11	12	13	0	1.386552e+00	1.886182e+00	-2.910189e-01	-3.369302e-01	1.998231e+00	-3.442440e-01	7.576644e+00	2.461948e+00	-3.369601e-01	23.852000
FCB	BVB	1	743400000	2.007246e+00	2.007246e+00	0	9	xy-grid	210000	40000	68.430000	68.430000	26250.000000	40000	12	12	11	13	12	0	1.242357e+00	5.560114e+00	-2.928113e-01	-2.997808e-01	3.891790e+00	-3.365509e-01	6.989897e+00	1.606058e+00	-2.958637e-01	23.587000
FCB	BVB	1	743440000	1.040729e+00	1.040729e+00	0	9	xy-grid	210000	40000	68.430000	68.430000	26250.000000	40000	12	13	11	12	12	0	8.543078e-01	3.846384e+00	-3.035080e-01	-3.049557e-01	3.216768e+00	-3.042182e-01	1.714807e+00	9.332447e-01	-2.862710e-01	23.603000
FCB	BVB	1	743480000	2.112113e+00	2.112113e+00	0	9	xy-grid	210000	40000	68.430000	68.430000	26250.000000	40000	11	12	11	13	11	0	-2.759869e-01	7.653397e+00	-2.649758e-01	-2.971798e-01	4.550823e+00	-2.843520e-01	6.449204e+00	1.744964e+00	-2.668739e-01	23.634000
FCB	BVB	1	743520000	1.466302e+00	1.466302e+00	0	9	xy-grid	210000	40000	68.430000	68.430000	26250.000000	40000	12	13	11	13	11	0	-2.480356e-01	7.168276e+00	-2.955445e-01	-2.679561e-01	4.269038e+00	-1.828735e-01	2.695832e+00	3.223913e-01	-2.644060e-01	23.541000
FCB	BVB	1	743560000	2.242878e+00	2.242878e+00	0	9	xy-grid	210000	40000	68.430000	68.430000	26250.000000	40000	11	13	10	12	11	0	-2.833970e-01	4.693129e+00	-2.735044e-01	-2.877790e-01	6.207431e+00	2.258711e+00	6.293081e+00	1.839738e+00	-2.615116e-01	23.400000
FCB	BVB	1	743600000	2.489732e+00	2.489732e+00	0	9	xy-grid	210000	40000	68.430000	68.430000	26250.000000	40000	12	12	11	13	13	0	-2.203786e-01	6.318443e+00	-2.666765e-01	-2.916288e-01	6.336388e+00	1.479581e+00	3.939822e+00	5.378145e+00	-2.661058e-01	23.602000
FCB	BVB	1	743640000	2.006680e+00	2.006680e+00	0	9	xy-grid	210000	40000	68.430000	68.430000	26250.000000	40000	13	13	11	12	12	0	-2.264935e-01	6.604177e+00	-2.723026e-01	-2.901067e-01	7.757219e+00	-1.500589e-01	2.336788e+00	2.574225e+00	-2.733311e-01	23.463000
FCB	BVB	1	743680000	2.301134e+00	2.301134e+00	0	9	xy-grid	210000	40000	68.430000	68.430000	26250.000000	40000	12	12	10	13	13	0	4.273881e-01	7.602619e+00	-2.894423e-01	-2.645245e-01	4.179973e+00	6.097686e-02	6.435324e+00	2.845694e+00	-2.877976e-01	23.541000
FCB	BVB	1	743720000	2.486256e+00	2.486256e+00	0	9	xy-grid	210000	40000	68.430000	68.430000	26250.000000	40000	13	13	10	13	12	0	2.392785e+00	6.191347e+00	-2.684798e-01	-2.762519e-01	4.513131e+00	-1.129237e-01	7.797122e+00	2.422340e+00	-2.827682e-01	23.588000
FCB	BVB	1	743760000	2.815194e+00	2.815194e+00	0	9	xy-grid	210000	40000	68.430000	68.430000	26250.000000	40000	13	12	9	13	12	0	3.523103e+00	7.090796e+00	-2.754844e-01	-2.685045e-01	6.146879e+00	-2.310134e-01	7.795396e+00	1.829633e+00	-2.740599e-01	23.493000
FCB	BVB	1	743800000	2.780333e+00	2.780333e+00	0	9	xy-grid	210000	40000	68.430000	68.430000	26250.000000	40000	12	13	10	13	13	0	4.316637e+00	7.157338e+00	-2.603784e-01	-2.301514e-01	6.949076e+00	-1.683216e-01	7.204989e+00	3.166925e-01	-2.628810e-01	23.634000
FCB	BVB	1	743840000	3.398923e+00	3.398923e+00	0	9	xy-grid	210000	40000	68.430000	68.430000	26250.000000	40000	13	13	9	12	12	0	3.891835e+00	6.058480e+00	-2.464076e-01	-2.401804e-01	6.056392e+00	6.339301e+00	5.853357e+00	3.090768e+00	-2.132371e-01	23.665000
FCB	BVB	1	743880000	3.476967e+00	3.476967e+00	0	9	xy-grid	210000	40000	68.430000	68.430000	26250.000000	40000	12	13	10	13	12	0	2.558670e+00	4.680331e+00	-2.521639e-01	-2.485920e-01	5.225179e+00	8.843083e+00	7.027842e+00	3.662311e+00	-2.039602e-01	23.432000
FCB	BVB	1	743920000	3.567095e+00	3.567095e+00	0	9	xy-grid	210000	40000	68.430000	68.430000	26250.000000	40000	13	13	9	11	12	0	2.552569e+00	6.855284e+00	-2.413564e-01	-2.311778e-01	3.015302e+00	8.470218e+00	6.508660e+00	5.402724e+00	-2.283637e-01	23.478000
FCB	BVB	1	743960000	3.228368e+00	3.228368e+00	0	9	xy-grid	210000	40000	68.430000	68.430000	26250.000000	40000	12	13	9	12	12	0	5.554291e+00	5.741701e+00	-2.394210e-01	-2.337694e-01	2.429234e+00	6.425653e+00	4.757206e+00	4.866072e+00	-2.456558e-01	23.400000
FCB	BVB	1	744000000	3.074381e+00	3.074381e+00	0	9	xy-grid	210000	40000	68.430000	68.430000	26250.000000	40000	12	13	10	12	10	0	4.328135e+00	4.327961e+00	-2.379949e-01	-1.989054e-01	3.205018e+00	5.134116e+00	7.380391e+00	3.976416e+00	-2.457122e-01	23.369000
FCB	BVB	1	744040000	3.128985e+00	3.128985e+00	0	9	xy-grid	210000	40000	68.430000	68.430000	26250.000000	40000	12	13	8	12	10	0	5.674573e+00	5.747642e+00	-2.275790e-01	2.813455e+00	1.755895e+00	3.329754e+00	6.395318e+00	2.907656e+00	-2.358463e-01	23.369000
FCB	BVB	1	744080000	2.471916e+00	2.471916e+00	0	9	xy-grid	210000	40000	68.430000	68.430000	26250.000000	40000	12	13	10	12	11	0	4.846490e+00	6.346985e+00	-2.336436e-01	3.304877e+00	3.615940e+00	-2.346209e-01	5.063181e+00	-2.241388e-01	-2.378246e-01	23.415000
FCB	BVB	1	744120000	2.773692e+00	2.773692e+00	0	9	xy-grid	210000	40000	68.430000	68.430000	26250.000000	40000	13	13	9	12	12	0	6.337726e+00	6.731176e+00	-1.916440e-01	3.708774e+00	2.978338e+00	-2.298115e-01	6.014045e+00	-1.579281e-01	-2.274463e-01	23.369000
FCB	BVB	1	744160000	2.764552e+00	2.764552e+00	0	9	xy-grid	210000	40000	68.430000	68.430000	26250.000000	40000	12	13	10	13	12	0	4.534863e+00	7.752038e+00	-2.392120e-01	5.295190e+00	2.938753e+00	-2.399153e-01	5.285209e+00	-2.038755e-01	-2.420788e-01	23.618000
FCB	BVB	1	744200000	2.583966e+00	2.583966e+00	0	9	xy-grid	210000	40000	68.430000	68.430000	26250.000000	40000	12	13	10	12	13	0	3.878754e+00	7.430352e+00	-2.463060e-01	5.118728e+00	3.130127e+00	-2.411307e-01	4.636511e+00	-2.094612e-01	-2.418778e-01	23.572000
FCB	BVB	1	744240000	2.536072e+00	2.536072e+00	0	9	xy-grid	210000	40000	68.430000	68.430000	26250.000000	40000	12	13	10	13	12	0	4.540550e+00	5.722629e+00	-2.480282e-01	6.389906e+00	2.114091e+00	-2.621552e-01	5.069431e+00	-2.402121e-01	-2.615676e-01	23.556000
FCB	BVB	1	744280000	2.677505e+00	2.677505e+00	0	9	xy-grid	210000	40000	68.430000	68.430000	26250.000000	40000	12	12	10	13	12	0	2.819939e+00	7.570052e+00	-2.566494e-01	6.464856e+00	3.170955e+00	-2.473981e-01	5.063976e+00	-2.227937e-01	-2.653940e-01	23.572000
FCB	BVB	1	744320000	2.635021e+00	2.635021e+00	0	9	xy-grid	210000	40000	68.430000	68.430000	26250.000000	40000	12	12	10	13	12	0	3.556841e+00	7.466778e+00	-2.629128e-01	7.452943e+00	2.410426e+00	-2.738302e-01	3.793110e+00	-1.619380e-01	-2.662301e-01	23.462000
FCB	BVB	1	744360000	2.226151e+00	2.226151e+00	0	9	xy-grid	210000	40000	68.430000	68.430000	26250.000000	40000	13	12	11	13	10	0	4.046848e+00	6.208372e+00	-2.623783e-01	5.773334e+00	2.115926e+00	-2.724646e-01	2.933932e+00	-2.252254e-01	-2.829874e-01	23.619000
FCB	BVB	1	744400000	1.979950e+00	1.979950e+00	0	9	xy-grid	210000	40000	68.430000	68.430000	26250.000000	40000	11	11	12	12	11	0	2.637785e+00	6.120543e+00	-2.248099e-01	2.406637e+00	2.093026e+00	-2.816319e-01	5.417669e+00	-7.765725e-02	-2.720120e-01	23.431000
FCB	BVB	1	744440000	2.125793e+00	2.125793e+00	0	9	xy-grid	210000	40000	68.430000	68.430000	26250.000000	40000	12	12	10	13	10	0	4.465516e+00	6.531500e+00	-2.931725e-01	2.080198e+00	2.892483e+00	-2.863162e-01	4.012867e+00	-2.972626e-02	-2.412158e-01	23.353000
FCB	BVB	1	744480000	2.101179e+00	2.101179e+00	0	9	xy-grid	210000	40000	68.430000	68.430000	26250.000000	40000	12	11	10	13	11	0	3.818781e+00	2.391649e+00	-3.193497e-01	1.314513e+00	2.589679e+00	-2.578196e-01	5.628145e+00	4.001380e+00	-2.563683e-01	23.400000
FCB	BVB	1	744520000	2.033668e+00	2.033668e+00	0	9	xy-grid	210000	40000	68.430000	68.430000	26250.000000	40000	13	13	8	13	11	0	3.726460e+00	2.675995e+00	-2.777900e-01	2.958792e+00	7.957017e-01	-3.298976e-01	6.408848e+00	2.668062e+00	-3.231588e-01	23.603000
FCB	BVB	1	744560000	1.817531e+00	1.817531e+00	0	9	xy-grid	210000	40000	68.430000	68.430000	26250.000000	40000	12	13	9	13	13	0	5.635083e+00	1.855835e+00	-3.153391e-01	4.012622e+00	2.750695e-02	-2.636739e-01	5.166165e+00	5.587597e-01	-3.191783e-01	23.587000
FCB	BVB	1	744600000	1.262957e+00	1.262957e+00	0	9	xy-grid	210000	40000	68.430000	68.430000	26250.000000	40000	12	12	8	12	13	0	3.267371e+00	1.403873e+00	-2.935875e-01	4.562890e+00	-2.484176e-01	-2.936680e-01	2.805706e+00	4.349067e-01	-2.724573e-01	23.385000
FCB	BVB	1	744640000	2.532261e+00	2.532261e+00	0	9	xy-grid	210000	40000	68.430000	68.430000	26250.000000	40000	12	13	9	13	12	0	4.249098e+00	1.086147e+00	-3.047109e-01	4.033131e+00	-1.984350e-01	-3.045122e-01	6.021123e+00	9.696186e-01	7.238889e+00	23.619000
FCB	BVB	1	744680000	1.880461e+00	1.880461e+00	0	9	xy-grid	210000	40000	68.430000	68.430000	26250.000000	40000	13	12	10	12	13	0	4.884715e+00	6.521626e-01	-3.162698e-01	5.014931e+00	-1.673786e-01	-3.050729e-01	6.016593e+00	1.461811e+00	-3.173428e-01	23.665000
FCB	BVB	1	744720000	1.790628e+00	1.790628e+00	0	9	xy-grid	210000	40000	68.430000	68.430000	26250.000000	40000	13	13	11	13	12	0	4.504372e+00	6.831572e-01	-2.839734e-01	5.100345e+00	-2.530022e-01	-3.007495e-01	5.809031e+00	1.170441e+00	-3.139724e-01	23.790000
FCB	BVB	1	744760000	1.920489e+00	1.920489e+00	0	9	xy-grid	210000	40000	68.430000	68.430000	26250.000000	40000	13	12	10	13	12	0	4.027823e+00	8.186159e-01	-3.067834e-01	5.025185e+00	-2.230858e-01	-3.294202e-01	6.489795e+00	2.102835e+00	-3.205659e-01	23.743000
FCB	BVB	1	744800000	1.356241e+00	1.356241e+00	0	9	xy-grid	210000	40000	68.430000	68.430000	26250.000000	40000	12	13	8	13	12	0	8.461337e-01	4.569706e-01	-3.045941e-01	5.766244e+00	-2.320784e-01	-2.516552e-01	4.537761e+00	1.691556e+00	-3.041676e-01	23.728000
FCB	BVB	1	744840000	1.152958e+00	1.152958e+00	0	9	xy-grid	210000	40000	68.430000	68.430000	26250.000000	40000	12	13	10	13	12	0	9.053267e-01	2.528442e-02	-3.167080e-01	3.211084e+00	-1.576144e-01	-2.783094e-01	4.743461e+00	2.543970e+00	-2.998751e-01	23.572000
FCB	BVB	1	744880000	1.473972e+00	1.473972e+00	0	9	xy-grid	210000	40000	68.430000	68.430000	26250.000000	40000	13	12	9	12	13	0	-1.590324e-01	1.717524e+00	-2.929568e-01	5.712574e+00	-2.162648e-01	-3.075521e-01	7.429839e+00	-3.129476e-01	-3.054381e-01	23.634000
FCB	BVB	1	744920000	nan	1.619633e+00	1	9	xy-grid	210000	40000	68.430000	68.430000	26250.000000	40000	13	11	10	13	12	0	-8.817960e-02	2.173351e+00	-2.638324e-01	7.569937e+00	-1.362200e-01	-2.772755e-01	4.287870e+00	nan	-3.085874e-01	20.810000
FCB	BVB	1	744960000	nan	1.351320e+00	1	9	xy-grid	210000	40000	68.430000	68.430000	26250.000000	40000	12	11	10	12	13	0	-1.848974e-01	8.663153e-01	-2.598151e-01	7.630350e+00	-1.328005e-01	-2.464635e-01	3.410521e+00	nan	-2.726493e-01	20.733000
FCB	BVB	1	745000000	1.868696e+00	1.868696e+00	0	9	xy-grid	210000	40000	68.430000	68.430000	26250.000000	40000	13	9	11	13	12	0	-2.747804e-01	3.895131e+00	-2.950275e-01	7.424936e+00	1.346186e+00	-2.950046e-01	5.578553e+00	-3.001221e-01	-2.616058e-01	23.353000
FCB	BVB	1	745040000	nan	2.560836e+00	1	9	xy-grid	210000	40000	68.430000	68.430000	26250.000000	40000	13	9	10	13	12	0	-1.819937e-01	7.504052e+00	-2.819282e-01	7.544162e+00	nan	-2.987197e-01	6.752568e+00	-2.534595e-01	-2.979938e-01	20.810000
FCB	BVB	1	745080000	nan	2.332340e+00	2	9	xy-grid	210000	40000	68.430000	68.430000	26250.000000	40000	13	8	8	13	12	0	3.375967e-01	4.185246e+00	-3.366036e-01	7.425224e+00	nan	-2.866965e-01	5.325172e+00	-3.235600e-01	nan	18.174000
FCB	BVB	1	745120000	1.048152e+00	1.048152e+00	0	9	xy-grid	210000	40000	68.430000	68.430000	26250.000000	40000	13	9	10	13	13	0	7.924919e-01	-3.581082e-01	-2.888840e-01	6.799753e+00	-3.419629e-01	-3.617757e-01	3.902711e+00	-3.523756e-01	-3.584784e-01	23.556000
FCB	BVB	1	745160000	1.150179e+00	1.150179e+00	0	9	xy-grid	210000	40000	68.430000	68.430000	26250.000000	40000	12	9	10	12	12	0	1.031722e+00	-3.262438e-01	-3.302589e-01	5.146524e+00	1.161129e+00	-3.601507e-01	4.734413e+00	-3.509118e-01	-3.546137e-01	23.541000
FCB	BVB	1	745200000	1.088155e+00	1.088155e+00	0	9	xy-grid	210000	40000	68.430000	68.430000	26250.000000	40000	13	10	9	13	13	0	4.832589e-01	-3.176714e-01	-3.434113e-01	2.005335e+00	3.177054e+00	-2.872526e-01	5.736531e+00	-3.426871e-01	-3.177612e-01	23.415000
FCB	BVB	1	745240000	1.412589e+00	1.412589e+00	0	9	xy-grid	210000	40000	68.430000	68.430000	26250.000000	40000	13	11	10	12	12	0	1.949126e-01	-3.206294e-01	-3.202921e-01	5.879539e+00	3.759111e+00	-3.458054e-01	4.500118e+00	-2.909675e-01	-3.426832e-01	23.400000
FCB	BVB	1	745280000	1.055959e+00	1.055959e+00	0	9	xy-grid	210000	40000	68.430000	68.430000	26250.000000	40000	13	11	11	13	13	0	-4.845962e-02	-3.492854e-01	-3.489430e-01	6.402994e+00	3.829728e+00	-3.378789e-01	1.010919e+00	-3.248415e-01	-3.306021e-01	23.618000
FCB	BVB	1	745320000	nan	1.523055e+00	1	9	xy-grid	210000	40000	68.430000	68.430000	26250.000000	40000	13	12	10	13	12	0	-1.674290e-01	-2.973838e-01	-3.526333e-01	4.752841e+00	3.705154e+00	-3.290363e-01	5.226037e+00	nan	-3.531127e-01	21.091000
FCB	BVB	1	745360000	nan	1.443267e+00	1	9	xy-grid	210000	40000	68.430000	68.430000	26250.000000	40000	12	12	9	12	13	0	-3.076912e-01	-3.560378e-01	-3.307818e-01	4.705368e+00	4.630704e+00	-3.555136e-01	3.916114e+00	nan	-3.560295e-01	20.904000
FCB	BVB	1	745400000	1.432554e+00	1.432554e+00	0	9	xy-grid	210000	40000	68.430000	68.430000	26250.000000	40000	13	12	9	13	13	0	-1.658864e-01	-3.356451e-01	-3.355706e-01	4.822444e+00	5.948947e-01	-3.246503e-01	7.002077e+00	1.958344e+00	-3.230208e-01	23.619000
FCB	BVB	1	745440000	1.642177e+00	1.642177e+00	0	9	xy-grid	210000	40000	68.430000	68.430000	26250.000000	40000	11	13	9	12	12	0	2.941105e+00	-3.715753e-01	-3.406950e-01	4.536444e+00	4.106534e+00	-3.427246e-01	4.773041e+00	-1.666333e-01	-3.558995e-01	23.509000
FCB	BVB	1	745480000	1.588496e+00	1.588496e+00	0	9	xy-grid	210000	40000	68.430000	68.430000	26250.000000	40000	12	13	9	13	12	0	2.306478e+00	-3.646420e-01	-3.269915e-01	7.894594e-01	4.361702e+00	7.364828e-01	7.349966e+00	-2.193366e-01	-3.366535e-01	23.384000
FCB	BVB	1	745520000	6.024193e-01	6.024193e-01	0	9	xy-grid	210000	40000	68.430000	68.430000	26250.000000	40000	12	12	9	13	12	0	1.886707e+00	-3.287583e-01	-3.193286e-01	4.833823e-01	1.037562e-01	3.396993e-01	3.887093e+00	-2.969566e-01	-3.338210e-01	23.400000
FCB	BVB	1	745560000	2.623145e+00	2.623145e+00	0	9	xy-grid	210000	40000	68.430000	68.430000	26250.000000	40000	11	12	8	13	11	0	2.367376e+00	5.347079e+00	-2.905861e-01	5.165994e+00	4.106624e+00	3.389514e-01	7.052419e+00	-1.709627e-01	-3.085870e-01	23.307000
FCB	BVB	1	745600000	2.871386e+00	2.871386e+00	0	9	xy-grid	210000	40000	68.430000	68.430000	26250.000000	40000	12	12	7	13	12	0	4.857486e+00	5.808476e+00	3.498219e+00	4.886482e+00	4.894417e+00	3.792691e-01	1.967793e+00	-1.378606e-01	-3.118044e-01	23.384000
FCB	BVB	1	745640000	2.405616e+00	2.405616e+00	0	9	xy-grid	210000	40000	68.430000	68.430000	26250.000000	40000	13	12	7	12	11	0	3.769612e+00	5.529979e+00	-3.275104e-01	4.116463e+00	2.531159e+00	6.285043e-01	5.919829e+00	-2.092903e-01	-3.081985e-01	23.509000
FCB	BVB	1	745680000	3.737582e+00	3.737582e+00	0	9	xy-grid	210000	40000	68.430000	68.430000	26250.000000	40000	12	13	8	13	12	0	6.100791e+00	6.179586e+00	-2.825395e-01	7.885225e+00	6.234468e+00	6.542185e-01	7.208202e+00	-3.278345e-02	-3.089249e-01	23.556000
FCB	BVB	1	745720000	2.414007e+00	2.414007e+00	0	9	xy-grid	210000	40000	68.430000	68.430000	26250.000000	40000	13	13	7	11	13	0	4.647939e+00	2.923795e+00	-3.270096e-01	6.708048e+00	1.508430e+00	-1.843867e-01	6.681015e+00	1.166145e-01	-3.483830e-01	23.432000
FCB	BVB	1	745760000	2.995824e+00	2.995824e+00	0	9	xy-grid	210000	40000	68.430000	68.430000	26250.000000	40000	12	12	8	12	12	0	7.715965e+00	1.775345e+00	-3.324959e-01	7.419348e+00	2.157966e+00	5.036416e-01	6.363736e+00	1.661304e+00	-3.023932e-01	23.618000
FCB	BVB	1	745800000	2.633899e+00	2.633899e+00	0	9	xy-grid	210000	40000	68.430000	68.430000	26250.000000	40000	13	12	8	12	12	0	3.622390e+00	2.465620e+00	-2.900613e-01	6.302877e+00	1.889805e+00	1.396065e+00	6.693614e+00	1.914366e+00	-2.895860e-01	23.525000
FCB	BVB	1	745840000	2.126232e+00	2.126232e+00	0	9	xy-grid	210000	40000	68.430000	68.430000	26250.000000	40000	11	12	8	12	12	0	2.076089e+00	3.550020e+00	-3.015110e-01	3.814061e+00	3.345482e+00	-2.516485e-01	5.660839e+00	1.543768e+00	-3.010088e-01	23.493000
FCB	BVB	1	745880000	2.160936e+00	2.160936e+00	0	9	xy-grid	210000	40000	68.430000	68.430000	26250.000000	40000	12	11	9	12	12	0	-2.426425e-01	4.474042e+00	-2.836511e-01	5.505974e+00	2.592666e+00	2.670052e-01	6.877903e+00	4.971618e-01	-2.400385e-01	23.306000
FCB	BVB	1	745920000	1.548012e+00	1.548012e+00	0	9	xy-grid	210000	40000	68.430000	68.430000	26250.000000	40000	12	11	10	12	12	0	-1.612047e-01	4.993751e+00	-2.726718e-01	-2.694717e-01	2.843976e+00	3.363618e-01	6.660259e+00	7.846537e-02	-2.773559e-01	23.276000
FCB	BVB	1	745960000	2.274902e+00	2.274902e+00	0	9	xy-grid	210000	40000	68.430000	68.430000	26250.000000	40000	12	10	10	13	11	0	-2.178535e-01	3.657207e+00	-2.750496e-01	7.668821e+00	2.762568e+00	3.333407e-01	7.002917e+00	-1.853596e-01	-2.724766e-01	23.493000
FCB	BVB	1	746000000	3.131355e+00	3.131355e+00	0	9	xy-grid	210000	40000	68.430000	68.430000	26250.000000	40000	12	12	9	12	12	0	-2.576120e-01	6.885656e+00	-2.134720e-01	6.547445e+00	6.761076e+00	-1.246666e-01	8.934824e+00	-1.231754e-01	-2.278797e-01	23.447000
FCB	BVB	1	746040000	3.290808e+00	3.290808e+00	0	9	xy-grid	210000	40000	68.430000	68.430000	26250.000000	40000	12	11	10	13	12	0	-2.635260e-01	5.863303e+00	-2.589144e-01	7.540052e+00	7.946798e+00	-2.456457e-01	9.253822e+00	-1.017029e-01	-1.169111e-01	23.431000
FCB	BVB	1	746080000	nan	4.017525e+00	1	9	xy-grid	210000	40000	68.430000	68.430000	26250.000000	40000	13	12	10	13	12	0	-2.376974e-01	6.857106e+00	nan	3.513409e-01	8.014906e+00	8.491066e+00	8.997690e+00	-1.842492e-01	-1.499602e-01	20.904000
FCB	BVB	1	746120000	nan	3.805872e+00	1	9	xy-grid	210000	40000	68.430000	68.430000	26250.000000	40000	13	13	9	13	13	0	-2.663648e-01	6.356035e+00	nan	-2.550557e-01	8.698725e+00	7.250515e+00	8.986625e+00	-1.621341e-01	-1.613657e-01	21.154000
FCB	BVB	1	746160000	nan	4.017463e+00	1	9	xy-grid	210000	40000	68.430000	68.430000	26250.000000	40000	12	12	11	13	13	0	-2.637222e-01	5.828513e+00	nan	-2.634405e-01	9.137409e+00	8.965496e+00	9.091792e+00	-2.045351e-01	-1.518043e-01	21.044000
FCB	BVB	1	746200000	nan	3.227850e+00	1	9	xy-grid	210000	40000	68.430000	68.430000	26250.000000	40000	13	13	11	12	13	0	-2.181032e-01	4.976279e+00	nan	-2.679895e-01	8.933483e+00	8.502763e+00	4.352222e+00	-2.555383e-01	-2.003195e-01	21.123000
FCB	BVB	1	746240000	nan	3.404036e+00	1	9	xy-grid	210000	40000	68.430000	68.430000	26250.000000	40000	13	12	11	13	12	0	-2.701595e-01	5.385995e+00	nan	-2.600580e-01	8.813007e+00	8.519316e+00	5.539892e+00	-2.721335e-01	-2.235676e-01	21.044000
FCB	BVB	1	746280000	nan	3.917430e+00	1	9	xy-grid	210000	40000	68.430000	68.430000	26250.000000	40000	13	13	11	13	13	0	-2.588380e-01	7.034755e+00	nan	-2.723084e-01	8.265954e+00	8.814022e+00	8.130715e+00	-1.303479e-01	-2.445094e-01	21.231000
FCB	BVB	1	746320000	nan	3.715590e+00	1	9	xy-grid	210000	40000	68.430000	68.430000	26250.000000	40000	13	13	10	13	13	0	2.841795e-01	7.202750e+00	nan	-2.542353e-01	7.463439e+00	8.766474e+00	6.743974e+00	-2.318438e-01	-2.500155e-01	20.920000
FCB	BVB	1	746360000	nan	3.299930e+00	1	9	xy-grid	210000	40000	68.430000	68.430000	26250.000000	40000	13	12	11	13	12	0	6.124731e-01	6.337801e+00	nan	-2.372391e-01	6.462432e+00	7.014482e+00	6.591547e+00	-1.490978e-01	-2.329559e-01	20.873000
FCB	BVB	1	746400000	nan	3.711033e+00	1	9	xy-grid	210000	40000	68.430000	68.430000	26250.000000	40000	13	12	10	12	13	0	1.240501e+00	5.188851e+00	nan	3.626754e+00	6.800734e+00	6.902730e+00	6.408080e+00	-2.278113e-01	-2.515767e-01	21.106000
FCB	BVB	1	746440000	nan	4.174117e+00	1	9	xy-grid	210000	40000	68.430000	68.430000	26250.000000	40000	12	12	11	13	12	0	9.982388e-01	7.538937e+00	nan	4.331584e+00	6.768260e+00	7.221148e+00	7.072229e+00	-2.905862e-01	-2.468773e-01	20.936000
FCB	BVB	1	746480000	3.445156e+00	3.445156e+00	0	9	xy-grid	210000	40000	68.430000	68.430000	26250.000000	40000	13	13	12	12	13	0	9.944495e-01	7.338809e+00	-2.736834e-01	7.134011e+00	8.512412e+00	-2.362953e-01	8.043256e+00	-2.709751e-01	-2.355792e-01	23.992000
FCB	BVB	1	746520000	2.829177e+00	2.829177e+00	0	9	xy-grid	210000	40000	68.430000	68.430000	26250.000000	40000	13	13	12	13	13	0	7.992309e-01	7.419858e+00	-2.809215e-01	5.551510e+00	5.593279e+00	-2.432018e-01	7.164083e+00	-2.682760e-01	-2.729700e-01	23.931000
FCB	BVB	1	746560000	3.543109e+00	3.543109e+00	0	9	xy-grid	210000	40000	68.430000	68.430000	26250.000000	40000	12	12	11	13	13	0	9.853041e-01	7.194866e+00	-2.808188e-01	8.128080e+00	8.767950e+00	-2.654880e-01	7.898712e+00	-2.681492e-01	-2.724734e-01	23.681000
FCB	BVB	1	746600000	2.173110e+00	2.173110e+00	0	9	xy-grid	210000	40000	68.430000	68.430000	26250.000000	40000	13	13	10	13	12	0	-2.192606e-01	7.149033e+00	-2.725173e-01	5.554896e+00	-2.177283e-01	-2.646238e-01	8.312251e+00	-2.659414e-01	-2.181194e-01	23.634000
FCB	BVB	1	746640000	2.782343e+00	2.782343e+00	0	9	xy-grid	210000	40000	68.430000	68.430000	26250.000000	40000	12	13	12	13	12	0	1.272704e+00	6.663526e+00	-2.622513e-01	8.918516e+00	6.119098e-01	-2.639999e-01	8.525180e+00	-1.910669e-01	-2.334264e-01	23.540000
FCB	BVB	1	746680000	2.803023e+00	2.803023e+00	0	9	xy-grid	210000	40000	68.430000	68.430000	26250.000000	40000	13	13	10	12	11	0	1.319976e+00	6.744790e+00	-2.521623e-01	9.139037e+00	6.378747e-01	-2.524345e-01	8.316561e+00	-2.180237e-01	-2.084105e-01	23.556000
FCB	BVB	1	746720000	2.586726e+00	2.586726e+00	0	9	xy-grid	210000	40000	68.430000	68.430000	26250.000000	40000	13	13	10	13	11	0	-2.371611e-01	7.501121e+00	-2.152218e-01	8.900573e+00	-2.357099e-01	-2.317800e-01	8.051924e+00	2.861799e-03	-2.560742e-01	23.603000
FCB	BVB	1	746760000	2.891694e+00	2.891694e+00	0	9	xy-grid	210000	40000	68.430000	68.430000	26250.000000	40000	12	12	9	12	11	0	1.472135e+00	7.572355e+00	-2.132441e-01	8.830575e+00	8.565020e-01	-2.776793e-01	8.072774e+00	2.259305e-03	-2.904335e-01	23.509000
FCB	BVB	1	746800000	1.665721e+00	1.665721e+00	0	9	xy-grid	210000	40000	68.430000	68.430000	26250.000000	40000	13	12	9	13	11	0	1.310260e+00	7.882740e+00	-2.814340e-01	-2.872769e-01	-2.382511e-01	6.855352e-02	6.695244e+00	1.182070e-01	-2.765564e-01	23.369000
FCB	BVB	1	746840000	2.072491e+00	2.072491e+00	0	9	xy-grid	210000	40000	68.430000	68.430000	26250.000000	40000	12	12	9	13	12	0	2.143345e+00	2.646155e+00	-3.876634e-01	1.768024e+00	1.267711e+00	3.419839e+00	7.604968e+00	1.293716e-01	6.066491e-02	23.540000
FCB	BVB	1	746880000	2.305739e+00	2.305739e+00	0	9	xy-grid	210000	40000	68.430000	68.430000	26250.000000	40000	12	13	9	13	12	0	2.749772e+00	3.750357e+00	-3.699581e-01	1.858101e+00	2.810095e+00	3.140018e+00	7.009523e+00	7.903760e-02	-2.752956e-01	23.525000
FCB	BVB	1	746920000	2.423331e+00	2.423331e+00	0	9	xy-grid	210000	40000	68.430000	68.430000	26250.000000	40000	12	13	10	13	13	0	1.912133e+00	6.271763e+00	-3.482174e-01	2.069468e+00	1.964370e+00	4.141749e+00	6.437788e+00	-3.442944e-01	-2.947818e-01	23.540000
FCB	BVB	1	746960000	2.411566e+00	2.411566e+00	0	9	xy-grid	210000	40000	68.430000	68.430000	26250.000000	40000	10	13	10	12	12	0	1.295527e+00	5.771018e+00	-3.034718e-01	1.736525e+00	2.886858e+00	3.885986e+00	6.985326e+00	-2.578300e-01	-2.958430e-01	23.415000
FCB	BVB	1	747000000	nan	2.936203e+00	1	9	xy-grid	210000	40000	68.430000	68.430000	26250.000000	40000	10	12	10	13	13	0	2.398941e+00	2.929506e+00	nan	2.945981e+00	3.261989e+00	4.828096e+00	7.583781e+00	-1.803857e-01	-2.782836e-01	20.904000
FCB	BVB	1	747040000	nan	3.137692e+00	2	9	xy-grid	210000	40000	68.430000	68.430000	26250.000000	40000	10	13	10	13	11	0	2.588079e+00	3.149885e+00	nan	2.234947e+00	2.355376e+00	4.309261e+00	7.574686e+00	nan	-2.483864e-01	18.315000
FCB	BVB	1	747080000	nan	1.458530e+00	1	9	xy-grid	210000	40000	68.430000	68.430000	26250.000000	40000	7	12	9	13	12	0	1.302357e-01	5.489404e+00	nan	1.642141e+00	6.788380e-01	4.716780e+00	-3.767026e-01	-3.683398e-01	-2.441192e-01	20.826000
FCB	BVB	1	747120000	nan	1.786987e+00	2	9	xy-grid	210000	40000	68.430000	68.430000	26250.000000	40000	8	13	10	13	12	0	2.400790e+00	2.892417e+00	nan	2.123778e+00	nan	6.143332e+00	-3.669248e-01	-3.475598e-01	-3.369223e-01	18.205000
FCB	BVB	1	747160000	nan	2.304818e+00	1	9	xy-grid	210000	40000	68.430000	68.430000	26250.000000	40000	8	13	9	12	11	0	5.233397e+00	-2.821636e-01	nan	5.592512e+00	2.775632e+00	6.033469e+00	-3.591475e-01	-2.596033e-01	-2.955540e-01	20.795000
FCB	BVB	1	747200000	nan	1.924171e+00	1	9	xy-grid	210000	40000	68.430000	68.430000	26250.000000	40000	10	13	10	13	12	0	2.713803e+00	-3.311257e-01	nan	5.662797e+00	1.759080e+00	5.447251e+00	-3.584660e-01	8.033909e-01	-3.033604e-01	20.904000
FCB	BVB	1	747240000	nan	2.106735e+00	1	9	xy-grid	210000	40000	68.430000	68.430000	26250.000000	40000	8	11	10	12	12	0	-2.174920e-01	-3.133076e-01	nan	5.456615e+00	5.386483e+00	3.933077e+00	-3.893827e-01	3.297267e+00	-2.993829e-01	20.904000
FCB	BVB	1	747280000	nan	1.038834e+00	1	9	xy-grid	210000	40000	68.430000	68.430000	26250.000000	40000	10	10	11	13	13	0	-3.762895e-01	-2.340250e-01	nan	2.050612e+00	2.042636e+00	2.545463e+00	-3.936314e-01	2.878924e+00	-2.030203e-01	20.732000
FCB	BVB	1	747320000	nan	1.534068e+00	1	9	xy-grid	210000	40000	68.430000	68.430000	26250.000000	40000	11	10	10	13	13	0	-3.790831e-01	5.690518e-01	nan	1.509104e+00	5.874517e+00	1.914726e+00	-3.862236e-01	2.456417e+00	7.140391e-01	20.966000
FCB	BVB	1	747360000	nan	1.989586e+00	1	9	xy-grid	210000	40000	68.430000	68.430000	26250.000000	40000	10	10	10	13	12	0	-3.330647e-01	4.126382e+00	nan	-2.011142e-01	4.821201e+00	2.300179e+00	-3.582574e-01	2.069777e+00	3.491583e+00	20.889000
FCB	BVB	1	747400000	nan	1.873692e+00	1	9	xy-grid	210000	40000	68.430000	68.430000	26250.000000	40000	11	10	11	13	13	0	-3.414836e-01	9.926450e-01	nan	-3.377825e-02	6.355381e+00	2.324090e+00	2.717617e+00	3.360899e+00	-3.858360e-01	20.919000
FCB	BVB	1	747440000	nan	1.892098e+00	1	9	xy-grid	210000	40000	68.430000	68.430000	26250.000000	40000	11	11	10	12	12	0	-2.852493e-01	-2.078128e-01	nan	-1.172371e-01	6.670806e+00	1.450235e+00	4.015971e+00	4.014075e+00	-4.040069e-01	20.764000
FCB	BVB	1	747480000	nan	1.462861e+00	1	9	xy-grid	210000	40000	68.430000	68.430000	26250.000000	40000	11	13	11	13	12	0	-3.039018e-01	-3.782932e-01	nan	-2.506029e-01	5.957822e+00	1.882916e+00	5.566902e+00	-3.847462e-01	-3.872116e-01	20.795000
FCB	BVB	1	747520000	nan	7.445448e-01	2	9	xy-grid	210000	40000	68.430000	68.430000	26250.000000	40000	12	13	11	12	13	0	-4.502906e-02	-3.215759e-01	nan	-1.611641e-01	-2.519694e-01	1.258878e+00	5.116178e+00	nan	-3.835033e-01	18.377000
FCB	BVB	1	747560000	nan	9.364005e-01	1	9	xy-grid	210000	40000	68.430000	68.430000	26250.000000	40000	11	11	11	12	13	0	-1.569367e-01	1.498667e+00	nan	-2.634121e-01	-2.808988e-01	2.179179e+00	5.206198e+00	-3.041620e-01	-3.874305e-01	20.920000
FCB	BVB	1	747600000	nan	8.800070e-01	1	9	xy-grid	210000	40000	68.430000	68.430000	26250.000000	40000	12	11	11	12	12	0	-2.261475e-01	1.809456e+00	nan	-8.051754e-02	-3.118149e-01	2.218529e+00	4.012771e+00	-1.206849e-01	-2.615353e-01	20.997000
FCB	BVB	1	747640000	1.611824e+00	1.611824e+00	0	9	xy-grid	210000	40000	68.430000	68.430000	26250.000000	40000	12	10	11	12	12	0	-9.408487e-02	1.720976e+00	-2.915084e-01	8.024240e+00	-2.635260e-01	3.668476e+00	2.209765e+00	-2.112495e-01	-2.566712e-01	23.432000
FCB	BVB	1	747680000	1.068794e+00	1.068794e+00	0	9	xy-grid	210000	40000	68.430000	68.430000	26250.000000	40000	11	9	12	12	13	0	2.725480e-01	2.212234e+00	-2.990210e-01	-2.413171e-01	-2.383843e-01	2.427991e+00	6.015598e+00	-2.593813e-01	-2.711177e-01	23.540000
FCB	BVB	1	747720000	nan	1.407548e+00	1	9	xy-grid	210000	40000	68.430000	68.430000	26250.000000	40000	12	9	12	11	13	0	1.360527e+00	3.444337e+00	nan	-2.706464e-01	-2.064726e-01	8.937293e-01	6.539914e+00	-2.141799e-01	-2.868264e-01	20.764000
FCB	BVB	1	747760000	nan	1.840098e+00	1	9	xy-grid	210000	40000	68.430000	68.430000	26250.000000	40000	12	11	11	13	11	0	1.169423e+00	7.476325e+00	nan	-6.455656e-02	-2.234355e-01	3.362899e-01	5.932852e+00	3.297227e-01	-2.358378e-01	20.810000
FCB	BVB	1	747800000	nan	1.998523e+00	1	9	xy-grid	210000	40000	68.430000	68.430000	26250.000000	40000	12	9	11	12	9	0	1.208294e+00	6.692117e+00	nan	-8.725964e-02	3.885055e-01	3.714879e-01	7.338267e+00	3.498926e-01	-2.731170e-01	20.904000
FCB	BVB	1	747840000	nan	2.269671e+00	1	9	xy-grid	210000	40000	68.430000	68.430000	26250.000000	40000	12	12	9	13	8	0	7.126391e-01	8.019209e+00	nan	-1.547088e-01	3.400338e-01	4.439666e-01	8.716799e+00	3.285872e-01	-2.491596e-01	20.920000
FCB	BVB	1	747880000	nan	2.629269e+00	1	9	xy-grid	210000	40000	68.430000	68.430000	26250.000000	40000	12	11	9	13	9	0	5.082053e-01	6.844484e+00	nan	-1.213939e-01	5.607032e-01	6.026407e-01	8.431160e+00	4.417821e+00	-2.094716e-01	20.685000
FCB	BVB	1	747920000	nan	1.131145e+00	1	9	xy-grid	210000	40000	68.430000	68.430000	26250.000000	40000	13	12	8	12	9	0	8.173270e-01	5.916468e+00	nan	-7.651669e-03	-1.988472e-01	6.696926e-01	-2.723795e-01	2.396772e+00	-2.722210e-01	20.654000
FCB	BVB	1	747960000	nan	1.123633e+00	1	9	xy-grid	210000	40000	68.430000	68.430000	26250.000000	40000	13	11	10	13	9	0	1.134756e-01	6.781830e+00	nan	-9.944594e-02	3.896920e-01	5.249846e-01	-2.655361e-01	1.815535e+00	-2.714730e-01	20.982000
FCB	BVB	1	748000000	nan	1.094497e+00	2	9	xy-grid	210000	40000	68.430000	68.430000	26250.000000	40000	13	12	10	12	12	0	2.441851e-01	6.255544e+00	nan	-2.498286e-01	-2.125877e-01	-7.555143e-03	nan	1.907271e+00	-2.755486e-01	18.268000
FCB	BVB	1	748040000	nan	1.942976e+00	2	9	xy-grid	210000	40000	68.430000	68.430000	26250.000000	40000	13	12	10	13	12	0	4.844598e-02	6.301712e+00	nan	-2.784936e-01	8.172566e-01	4.019222e+00	nan	2.950806e+00	-2.581139e-01	18.236000
FCB	BVB	1	748080000	nan	1.986790e+00	2	9	xy-grid	210000	40000	68.430000	68.430000	26250.000000	40000	12	11	9	13	13	0	5.845340e-02	6.242945e+00	nan	-2.825522e-01	9.426628e-01	5.613774e+00	nan	1.622264e+00	-2.900158e-01	18.252000
FCB	BVB	1	748120000	nan	2.518192e+00	2	9	xy-grid	210000	40000	68.430000	68.430000	26250.000000	40000	13	12	10	13	13	0	7.894861e+00	5.412704e+00	nan	-2.280743e-01	7.821446e-01	3.038030e+00	nan	9.606347e-01	-2.329576e-01	18.315000
FCB	BVB	1	748160000	nan	2.662227e+00	2	9	xy-grid	210000	40000	68.430000	68.430000	26250.000000	40000	12	12	11	13	12	0	7.403787e+00	6.551233e+00	nan	-2.370443e-01	9.463805e-01	4.359954e+00	nan	-1.589442e-01	-2.297790e-01	18.330000
FCB	BVB	1	748200000	nan	2.556146e+00	2	9	xy-grid	210000	40000	68.430000	68.430000	26250.000000	40000	13	12	9	12	12	0	7.810839e+00	5.159158e+00	nan	-2.028618e-01	-2.179804e-01	5.617535e+00	nan	-4.574049e-02	-2.279242e-01	18.330000
FCB	BVB	1	748240000	nan	2.631144e+00	1	9	xy-grid	210000	40000	68.430000	68.430000	26250.000000	40000	13	12	10	13	12	0	6.692817e+00	7.586989e+00	nan	-2.684930e-01	-2.172024e-01	7.904326e+00	-2.229883e-01	-1.429610e-01	-2.833329e-01	20.841000
FCB	BVB	1	748280000	nan	2.900651e+00	1	9	xy-grid	210000	40000	68.430000	68.430000	26250.000000	40000	12	12	9	12	12	0	7.550151e+00	7.592808e+00	nan	-2.234895e-01	1.892478e+00	7.035004e+00	-2.657182e-01	-1.169880e-01	-2.590395e-01	20.826000
FCB	BVB	1	748320000	nan	2.833639e+00	1	9	xy-grid	210000	40000	68.430000	68.430000	26250.000000	40000	13	13	10	13	13	0	8.100044e+00	7.738512e+00	nan	-2.747259e-01	-2.190136e-01	7.363319e+00	-2.302221e-01	4.547455e-01	-2.635486e-01	21.138000
FCB	BVB	1	748360000	2.633454e+00	2.633454e+00	0	9	xy-grid	210000	40000	68.430000	68.430000	26250.000000	40000	12	12	10	13	12	0	8.434517e+00	7.372253e+00	-2.975392e-01	-2.768685e-01	-2.270666e-01	7.913506e+00	-2.433583e-01	1.308117e+00	-2.824702e-01	23.509000
FCB	BVB	1	748400000	2.725373e+00	2.725373e+00	0	9	xy-grid	210000	40000	68.430000	68.430000	26250.000000	40000	13	13	9	13	13	0	8.721783e+00	6.262946e+00	-2.976911e-01	-2.620966e-01	-3.155668e-01	7.522755e+00	-2.194113e-01	3.459655e+00	-3.440142e-01	23.463000
FCB	BVB	1	748440000	2.008150e+00	2.008150e+00	0	9	xy-grid	210000	40000	68.430000	68.430000	26250.000000	40000	13	13	10	13	12	0	8.187085e+00	8.169236e+00	-2.600461e-01	-2.515637e-01	-3.153724e-01	-3.269296e-01	-2.247857e-01	3.360286e+00	-2.645612e-01	23.634000
FCB	BVB	1	748480000	1.608971e+00	1.608971e+00	0	9	xy-grid	210000	40000	68.430000	68.430000	26250.000000	40000	11	12	9	12	13	0	8.185609e+00	6.463132e+00	-3.004213e-01	-2.734963e-01	-2.936326e-01	-3.010787e-01	-1.560523e-01	1.419347e+00	-2.626661e-01	23.665000
FCB	BVB	1	748520000	1.567475e+00	1.567475e+00	0	9	xy-grid	210000	40000	68.430000	68.430000	26250.000000	40000	12	13	9	13	13	0	7.784421e+00	6.303772e+00	-3.246016e-01	-3.175384e-01	-2.554078e-01	-2.792691e-01	1.632116e-01	-3.424784e-03	1.036113e+00	23.494000
FCB	BVB	1	748560000	nan	1.694380e+00	1	9	xy-grid	210000	40000	68.430000	68.430000	26250.000000	40000	11	12	8	12	13	0	7.180953e+00	7.795798e+00	nan	-2.483035e-01	-1.817677e-01	-2.341076e-01	-1.955990e-01	-3.049856e-01	-2.569458e-01	20.717000
FCB	BVB	1	748600000	nan	1.895946e+00	1	9	xy-grid	210000	40000	68.430000	68.430000	26250.000000	40000	12	12	8	13	13	0	7.125148e+00	7.904884e+00	nan	1.319469e+00	-2.479862e-01	-2.522544e-01	-1.447832e-01	-2.817732e-01	-2.551340e-01	20.764000
FCB	BVB	1	748640000	nan	1.311424e+00	1	9	xy-grid	210000	40000	68.430000	68.430000	26250.000000	40000	12	13	9	13	12	0	7.993105e+00	9.757424e-03	nan	6.538416e-01	9.659740e-01	-2.128230e-01	-1.926833e-01	-1.799310e-01	1.454153e+00	20.919000
FCB	BVB	1	748680000	nan	1.544093e+00	1	9	xy-grid	210000	40000	68.430000	68.430000	26250.000000	40000	13	12	9	13	13	0	5.409435e+00	1.896884e+00	nan	-3.594176e-01	3.050492e+00	-1.330335e-01	-3.099341e-01	-2.590416e-02	2.824226e+00	21.091000
FCB	BVB	1	748720000	nan	1.286429e+00	2	9	xy-grid	210000	40000	68.430000	68.430000	26250.000000	40000	13	13	9	13	13	0	4.931218e+00	2.113134e-02	nan	3.002311e-01	2.354492e+00	9.143048e-01	nan	3.187976e-01	1.648311e-01	18.486000
FCB	BVB	1	748760000	nan	1.377050e+00	1	9	xy-grid	210000	40000	68.430000	68.430000	26250.000000	40000	12	13	10	12	10	0	3.306611e+00	1.884407e+00	-3.855281e-01	3.612824e-01	2.844158e+00	1.033401e+00	nan	-2.450250e-01	2.217093e+00	20.935000
FCB	BVB	1	748800000	nan	1.374030e+00	1	9	xy-grid	210000	40000	68.430000	68.430000	26250.000000	40000	13	12	11	13	11	0	-3.079610e-01	1.347885e+00	-3.060436e-01	7.983246e-01	1.270644e+00	1.138264e+00	nan	-3.120716e-01	7.363202e+00	20.904000
FCB	BVB	1	748840000	nan	1.622272e+00	1	9	xy-grid	210000	40000	68.430000	68.430000	26250.000000	40000	13	12	12	13	10	0	2.848663e+00	-2.972026e-01	-3.526485e-01	9.939625e-01	1.057476e+00	1.073592e+00	nan	-3.529053e-01	8.007237e+00	20.904000
FCB	BVB	1	748880000	nan	1.186741e+00	1	9	xy-grid	210000	40000	68.430000	68.430000	26250.000000	40000	12	11	11	13	11	0	2.625555e+00	1.531772e+00	-3.195878e-01	4.261725e+00	8.576130e-01	1.235655e+00	nan	-3.066650e-01	-3.921386e-01	20.904000
FCB	BVB	1	748920000	nan	3.071404e-01	1	9	xy-grid	210000	40000	68.430000	68.430000	26250.000000	40000	13	12	12	13	10	0	nan	1.397729e+00	-4.066098e-01	-3.052532e-01	8.775934e-01	1.961304e+00	-3.585796e-01	-3.023008e-01	-4.067595e-01	20.889000
FCB	BVB	1	748960000	-1.910579e-01	-1.910579e-01	0	9	xy-grid	210000	40000	68.430000	68.430000	26250.000000	40000	13	11	11	12	12	0	4.183060e-01	-3.015613e-01	-3.021578e-01	-3.699797e-01	1.400926e-01	-2.357527e-01	-3.854113e-01	-3.792298e-01	-3.038268e-01	23.400000
FCB	BVB	1	749000000	6.712886e-02	6.712886e-02	0	9	xy-grid	210000	40000	68.430000	68.430000	26250.000000	40000	13	12	11	13	13	0	2.298219e-01	9.155875e-01	-4.218124e-01	-3.164697e-01	1.887039e-01	9.719071e-01	-3.135998e-01	-3.142680e-01	-3.357107e-01	23.634000
FCB	BVB	1	749040000	1.191172e+00	1.191172e+00	0	9	xy-grid	210000	40000	68.430000	68.430000	26250.000000	40000	13	12	11	12	13	0	4.651878e+00	-9.407192e-02	-3.342926e-01	-3.121631e-01	8.053448e+00	-3.545339e-01	-1.934538e-01	-3.789670e-01	-3.172934e-01	23.571000
FCB	BVB	1	749080000	1.405409e+00	1.405409e+00	0	9	xy-grid	210000	40000	68.430000	68.430000	26250.000000	40000	12	12	11	13	12	0	7.188831e+00	-3.933221e-01	-3.224505e-01	-3.783177e-01	8.029780e+00	-3.919169e-01	-3.714305e-01	-3.188263e-01	-3.936680e-01	23.478000
FCB	BVB	1	749120000	8.206664e-01	8.206664e-01	0	9	xy-grid	210000	40000	68.430000	68.430000	26250.000000	40000	13	13	10	13	12	0	3.065005e+00	-3.233791e-01	-3.245030e-01	-3.033688e-01	6.745273e+00	-3.803185e-01	-3.718670e-01	-3.286380e-01	-3.922059e-01	23.603000
FCB	BVB	1	749160000	7.078511e-01	7.078511e-01	0	9	xy-grid	210000	40000	68.430000	68.430000	26250.000000	40000	13	13	10	13	13	0	2.558688e+00	-2.716916e-01	-3.279916e-01	-4.062089e-01	5.686466e+00	1.635445e-01	-3.072166e-01	-3.122417e-01	-4.126887e-01	23.619000
FCB	BVB	1	749200000	9.689456e-01	9.689456e-01	0	9	xy-grid	210000	40000	68.430000	68.430000	26250.000000	40000	13	12	11	13	13	0	3.147837e+00	-3.159139e-01	-4.249480e-01	-3.260946e-01	5.429742e+00	2.400588e+00	-4.066679e-01	-3.899833e-01	-3.940498e-01	23.696000
FCB	BVB	1	749240000	nan	7.518590e-01	1	9	xy-grid	210000	40000	68.430000	68.430000	26250.000000	40000	13	13	11	12	12	0	4.668818e+00	1.401520e-01	-4.038341e-01	-3.099897e-01	2.967947e+00	-3.188667e-01	-4.028668e-01	-3.264875e-01	nan	20.857000
FCB	BVB	1	749280000	nan	9.773311e-01	1	9	xy-grid	210000	40000	68.430000	68.430000	26250.000000	40000	12	12	11	13	13	0	6.254003e+00	1.349000e-01	-2.418018e-01	-2.868302e-01	-3.112578e-01	2.920225e+00	-2.953960e-01	-3.551942e-01	nan	20.873000
FCB	BVB	1	749320000	nan	1.136501e+00	2	9	xy-grid	210000	40000	68.430000	68.430000	26250.000000	40000	13	13	11	12	12	0	6.430998e+00	6.974747e-02	-2.940889e-01	-3.612099e-01	nan	2.701047e+00	-2.987514e-01	-2.922343e-01	nan	18.361000
FCB	BVB	1	749360000	nan	6.366829e-01	1	9	xy-grid	210000	40000	68.430000	68.430000	26250.000000	40000	12	12	12	12	12	0	4.684559e+00	2.735319e-01	-3.029519e-01	-3.198045e-01	nan	1.727631e+00	-3.598875e-01	-3.206346e-01	-2.889807e-01	20.997000
FCB	BVB	1	749400000	nan	1.136965e+00	1	9	xy-grid	210000	40000	68.430000	68.430000	26250.000000	40000	13	13	12	12	13	0	7.067014e+00	4.224119e-01	-2.846534e-01	-3.665642e-01	nan	3.181694e+00	-3.191294e-01	-2.866666e-01	-3.183899e-01	21.248000
FCB	BVB	1	749440000	nan	9.857321e-01	1	9	xy-grid	210000	40000	68.430000	68.430000	26250.000000	40000	13	13	10	12	13	0	7.256215e+00	-3.714784e-01	-2.576947e-01	1.160424e+00	nan	-5.374340e-02	9.045184e-01	-3.772648e-01	-3.751201e-01	20.842000
FCB	BVB	1	749480000	nan	5.840519e-01	1	9	xy-grid	210000	40000	68.430000	68.430000	26250.000000	40000	12	13	12	12	13	0	3.507375e+00	1.024736e+00	-2.254438e-01	-3.005915e-01	nan	1.476465e+00	6.393706e-03	-4.169701e-01	-3.995490e-01	21.231000
FCB	BVB	1	749520000	nan	4.078392e-01	1	9	xy-grid	210000	40000	68.430000	68.430000	26250.000000	40000	13	13	12	11	12	0	2.162741e+00	-1.693538e-01	-8.476828e-02	-3.724181e-01	nan	2.571990e+00	-3.705436e-02	-4.040326e-01	-4.043901e-01	21.200000
FCB	BVB	1	749560000	nan	5.848777e-01	2	9	xy-grid	210000	40000	68.430000	68.430000	26250.000000	40000	13	12	11	13	13	0	1.139244e+00	2.977266e-02	-1.479090e-01	-1.879696e-01	nan	3.649998e+00	-4.929469e-02	nan	-3.396977e-01	18.486000
FCB	BVB	1	749600000	nan	4.604073e-01	1	9	xy-grid	210000	40000	68.430000	68.430000	26250.000000	40000	13	12	11	13	12	0	6.713556e-01	9.804383e-02	-2.366700e-01	-3.342623e-01	-3.298780e-01	4.342246e+00	-1.935332e-01	nan	-3.340435e-01	20.951000
FCB	BVB	1	749640000	nan	1.026040e+00	1	9	xy-grid	210000	40000	68.430000	68.430000	26250.000000	40000	13	13	10	13	14	0	nan	1.829126e-01	-3.316456e-01	1.319642e-01	2.558255e+00	6.696288e+00	-4.027479e-01	-2.958178e-01	-3.308918e-01	20.935000
FCB	BVB	1	749680000	nan	9.896509e-01	1	9	xy-grid	210000	40000	68.430000	68.430000	26250.000000	40000	13	13	11	13	13	0	1.363038e+00	6.989648e-01	-2.495958e-01	1.000439e-01	-4.721446e-02	3.289016e+00	nan	3.092872e+00	-3.299159e-01	21.060000
FCB	BVB	1	749720000	nan	5.772552e-01	1	9	xy-grid	210000	40000	68.430000	68.430000	26250.000000	40000	13	13	10	12	13	0	8.342799e-01	1.371870e+00	-2.175364e-01	2.352502e-01	-3.156466e-01	3.255542e+00	nan	-2.148455e-01	-3.308713e-01	21.028000
FCB	BVB	1	749760000	nan	5.039013e-01	1	9	xy-grid	210000	40000	68.430000	68.430000	26250.000000	40000	12	13	11	13	13	0	1.192136e+00	-1.684120e-02	-2.385003e-01	-3.359861e-01	3.566424e-02	3.643195e+00	nan	1.031553e-01	-3.516122e-01	21.014000
FCB	BVB	1	749800000	nan	1.126914e+00	1	9	xy-grid	210000	40000	68.430000	68.430000	26250.000000	40000	13	13	11	12	12	0	8.560428e-01	1.227550e+00	-3.234679e-01	-3.437712e-01	4.933228e-01	7.376274e+00	nan	7.894457e-02	-3.495837e-01	21.028000
FCB	BVB	1	749840000	nan	1.825470e+00	1	9	xy-grid	210000	40000	68.430000	68.430000	26250.000000	40000	13	13	10	13	12	0	4.717395e+00	2.930887e+00	-2.834678e-01	-2.850574e-01	-5.911098e-02	6.092052e+00	-2.860335e-01	1.777096e+00	nan	20.889000
FCB	BVB	1	749880000	nan	1.708435e+00	1	9	xy-grid	210000	40000	68.430000	68.430000	26250.000000	40000	12	12	8	13	12	0	5.199352e+00	2.808017e+00	-3.014515e-01	-3.065001e-01	-3.012683e-01	5.005293e+00	-2.756113e-01	1.839645e+00	nan	20.717000
FCB	BVB	1	749920000	nan	2.298643e+00	1	9	xy-grid	210000	40000	68.430000	68.430000	26250.000000	40000	13	13	5	13	9	0	7.995932e+00	3.979986e+00	-3.042672e-01	-2.644832e-01	-2.814315e-01	6.344902e+00	-3.184559e-01	1.236960e+00	nan	20.670000
FCB	BVB	1	749960000	nan	1.410177e+00	1	9	xy-grid	210000	40000	68.430000	68.430000	26250.000000	40000	12	13	6	13	10	0	7.246418e+00	4.650910e+00	-3.013029e-01	-2.853115e-01	-3.017361e-01	-1.873147e-01	-3.100744e-01	7.698312e-01	nan	20.857000
