FAN	HALF	t	nss_mean	nss_nanmean	n_nan	n_subjects	n_reference	method	dt	n_norm	SIGMA_X	SIGMA_Y	SIGMA_T	dt_max	qf0	qf1	qf2	qf3	qf4	qf5	qf6	qf7	qf8	nss0	nss1	nss2	nss3	nss4	nss5	nss6	nss7	nss8	total_time
FCB	1	741720000	1.856315e+00	1.856315e+00	0	9	8	xy-grid	210000	40000	68.430000	68.430000	26250.000000	40000	13	11	6	9	11	12	13	9	12	-2.800000e-01	3.521993e+00	-3.494566e-01	5.215810e+00	4.189532e-01	3.216906e+00	5.569969e+00	-2.622132e-01	-3.451258e-01	25.954000
FCB	1	741760000	1.799670e+00	1.799670e+00	0	9	8	xy-grid	210000	40000	68.430000	68.430000	26250.000000	40000	13	11	7	9	11	13	12	10	12	-3.295839e-01	3.436569e+00	-3.495069e-01	5.523443e+00	1.225642e+00	1.928665e+00	4.884529e+00	2.558212e-01	-3.785443e-01	26.139000
FCB	1	741800000	1.820829e+00	1.820829e+00	0	9	8	xy-grid	210000	40000	68.430000	68.430000	26250.000000	40000	11	12	9	8	12	12	12	11	9	-3.339797e-01	3.391546e+00	-3.346971e-01	5.576804e+00	2.012685e+00	5.766481e-01	4.337248e+00	1.535742e+00	-3.745332e-01	25.912000
FCB	1	741840000	3.155828e+00	3.155828e+00	0	9	8	xy-grid	210000	40000	68.430000	68.430000	26250.000000	40000	10	13	12	8	12	13	13	13	7	-3.160928e-01	4.245996e+00	5.356076e+00	6.315525e+00	5.038254e+00	2.117859e+00	5.511431e+00	4.859756e-01	-3.525711e-01	26.083000
FCB	1	741880000	1.665006e+00	1.665006e+00	0	9	8	xy-grid	210000	40000	68.430000	68.430000	26250.000000	40000	10	13	13	8	12	13	12	13	6	-3.232043e-01	4.953379e+00	-3.167196e-01	9.354851e-01	3.595204e+00	1.985901e+00	4.455125e+00	5.266827e-02	-3.527810e-01	26.021000
FCB	1	741920000	1.307368e+00	1.307368e+00	0	9	8	xy-grid	210000	40000	68.430000	68.430000	26250.000000	40000	9	13	12	9	13	12	12	13	7	-3.376942e-01	3.864958e+00	-3.169176e-01	1.169163e+00	2.228302e+00	1.859400e+00	3.706733e+00	-4.319590e-02	-3.644375e-01	26.161000
FCB	1	741960000	1.773415e+00	1.773415e+00	0	9	8	xy-grid	210000	40000	68.430000	68.430000	26250.000000	40000	7	12	13	8	13	12	14	12	8	-3.222605e-01	3.380186e+00	-3.265513e-01	1.899737e+00	2.281862e+00	2.691726e+00	3.835652e+00	2.884415e+00	-3.640331e-01	26.037000
FCB	1	742000000	1.900981e+00	1.900981e+00	0	9	8	xy-grid	210000	40000	68.430000	68.430000	26250.000000	40000	8	13	12	9	11	12	12	13	9	-3.135695e-01	3.309566e+00	-2.984956e-01	1.781863e+00	2.507958e+00	3.050502e+00	4.250111e+00	3.156521e+00	-3.356316e-01	25.974000
FCB	1	742040000	2.365916e+00	2.365916e+00	0	9	8	xy-grid	210000	40000	68.430000	68.430000	26250.000000	40000	8	12	13	9	11	13	13	13	12	3.982161e+00	3.408063e+00	-2.769204e-01	1.530600e+00	2.014141e+00	3.201582e+00	4.397296e+00	3.345804e+00	-3.094796e-01	26.176000
FCB	1	742080000	2.880609e+00	2.880609e+00	0	9	8	xy-grid	210000	40000	68.430000	68.430000	26250.000000	40000	8	13	12	7	9	13	12	13	12	4.703359e+00	4.384869e+00	-2.646670e-01	1.505828e+00	3.011374e+00	2.674729e+00	5.609376e+00	4.594534e+00	-2.939231e-01	25.974000
FCB	1	742120000	3.047649e+00	3.047649e+00	0	9	8	xy-grid	210000	40000	68.430000	68.430000	26250.000000	40000	8	13	13	8	6	12	13	13	13	5.215490e+00	4.498472e+00	-2.696802e-01	2.325737e+00	4.996442e+00	2.128374e+00	3.523697e+00	5.305518e+00	-2.952073e-01	33.632000
FCB	1	742160000	3.843294e+00	3.843294e+00	0	9	8	xy-grid	210000	40000	68.430000	68.430000	26250.000000	40000	8	12	12	8	5	13	13	12	13	5.178183e+00	6.919172e+00	-2.677137e-01	3.095389e+00	5.008226e+00	6.509172e+00	3.700816e+00	4.734845e+00	-2.884483e-01	71.011000
FCB	1	742200000	nan	2.993828e+00	1	9	8	xy-grid	210000	40000	68.430000	68.430000	26250.000000	40000	10	13	10	8	5	12	12	13	13	4.633720e+00	7.209124e+00	-2.746693e-01	2.645995e+00	nan	6.140965e+00	3.826710e+00	5.541960e-02	-2.866429e-01	61.480000
FCB	1	742240000	3.264627e+00	3.264627e+00	0	9	8	xy-grid	210000	40000	68.430000	68.430000	26250.000000	40000	10	12	10	8	4	12	13	12	13	4.572635e+00	7.591770e+00	-2.873826e-01	5.605122e+00	1.842871e+00	6.751918e+00	3.686128e+00	-1.047529e-01	-2.766645e-01	91.244000
FCB	1	742280000	3.741305e+00	3.741305e+00	0	9	8	xy-grid	210000	40000	68.430000	68.430000	26250.000000	40000	11	13	9	9	6	13	12	13	12	7.101901e+00	7.705410e+00	-2.933112e-01	6.928371e+00	6.518401e-01	7.502998e+00	4.557193e+00	-2.134356e-01	-2.692194e-01	71.807000
FCB	1	742320000	3.845865e+00	3.845865e+00	0	9	8	xy-grid	210000	40000	68.430000	68.430000	26250.000000	40000	12	13	10	9	8	12	13	12	13	6.250401e+00	7.688882e+00	-2.991905e-01	8.271146e+00	9.809595e-01	7.871471e+00	4.344859e+00	-2.132846e-01	-2.824603e-01	74.257000
FCB	1	742360000	3.048810e+00	3.048810e+00	0	9	8	xy-grid	210000	40000	68.430000	68.430000	26250.000000	40000	12	12	10	7	10	13	13	12	13	6.951723e+00	7.243681e+00	-3.249107e-01	7.298420e+00	3.129417e+00	-3.071255e-01	3.998656e+00	-2.511644e-01	-2.994104e-01	60.856000
FCB	1	742400000	3.087517e+00	3.087517e+00	0	9	8	xy-grid	210000	40000	68.430000	68.430000	26250.000000	40000	13	11	13	8	11	12	12	13	13	7.732466e+00	6.106452e+00	-3.427208e-01	6.340762e+00	4.696257e+00	-3.038568e-01	4.160133e+00	-2.971877e-01	-3.046487e-01	65.848000
FCB	1	742440000	3.359548e+00	3.359548e+00	0	9	8	xy-grid	210000	40000	68.430000	68.430000	26250.000000	40000	12	11	13	9	12	12	12	12	13	8.175453e+00	7.180010e+00	-3.286230e-01	4.399455e+00	6.884508e+00	-2.922622e-01	4.798888e+00	-2.920251e-01	-2.894741e-01	68.815000
FCB	1	742480000	3.469999e+00	3.469999e+00	0	9	8	xy-grid	210000	40000	68.430000	68.430000	26250.000000	40000	13	11	12	10	11	13	9	13	13	8.338735e+00	7.496306e+00	-3.344101e-01	5.004920e+00	6.934750e+00	-2.892059e-01	4.665904e+00	-2.957773e-01	-2.912335e-01	62.790000
FCB	1	742520000	2.913893e+00	2.913893e+00	0	9	8	xy-grid	210000	40000	68.430000	68.430000	26250.000000	40000	13	11	13	9	12	12	8	10	12	8.120757e+00	7.659071e+00	-3.361320e-01	5.348951e+00	6.550898e+00	-2.798471e-01	-2.427653e-01	-2.968498e-01	-2.990464e-01	71.495000
FCB	1	742560000	2.784575e+00	2.784575e+00	0	9	8	xy-grid	210000	40000	68.430000	68.430000	26250.000000	40000	12	10	13	10	12	13	8	8	12	7.050746e+00	7.275492e+00	-3.356714e-01	4.753728e+00	7.441674e+00	-2.819456e-01	-2.426747e-01	-3.021143e-01	-2.980603e-01	60.076000
FCB	1	742600000	2.927783e+00	2.927783e+00	0	9	8	xy-grid	210000	40000	68.430000	68.430000	26250.000000	40000	13	12	12	10	11	12	7	8	11	6.365127e+00	7.417143e+00	-3.605529e-01	4.152551e+00	8.188612e+00	-9.793075e-02	1.310238e+00	-3.077551e-01	-3.173906e-01	88.125000
FCB	1	742640000	nan	2.261651e+00	1	9	8	xy-grid	210000	40000	68.430000	68.430000	26250.000000	40000	12	11	11	8	12	13	8	7	11	5.802615e+00	-3.351478e-01	-3.845721e-01	3.918111e+00	6.660116e+00	3.825975e-01	2.386090e+00	nan	-3.366000e-01	54.757000
FCB	1	742680000	1.577616e+00	1.577616e+00	0	9	8	xy-grid	210000	40000	68.430000	68.430000	26250.000000	40000	13	12	8	9	11	12	11	8	12	5.759040e+00	-3.589195e-01	-4.048493e-01	3.471680e+00	6.105324e+00	-1.104218e-01	-2.821058e-01	3.761738e-01	-3.573805e-01	93.475000
FCB	1	742720000	2.489913e+00	2.489913e+00	0	9	8	xy-grid	210000	40000	68.430000	68.430000	26250.000000	40000	12	12	6	9	13	11	13	9	12	6.479252e+00	-3.344610e-01	-3.832373e-01	3.403475e+00	6.751019e+00	-3.263755e-01	5.690620e+00	1.463762e+00	-3.348343e-01	65.100000
FCB	1	742760000	nan	2.583417e+00	1	9	8	xy-grid	210000	40000	68.430000	68.430000	26250.000000	40000	12	12	3	10	13	12	13	11	13	7.583415e+00	-3.408438e-01	nan	-3.497443e-01	6.887945e+00	-3.444294e-01	6.247406e+00	1.319871e+00	-3.362813e-01	55.957000
FCB	1	742800000	nan	2.178654e+00	1	9	8	xy-grid	210000	40000	68.430000	68.430000	26250.000000	40000	13	12	1	10	13	10	13	12	12	3.953156e+00	-3.558246e-01	nan	-3.572481e-01	5.810363e+00	-3.584589e-01	6.557922e+00	2.534071e+00	-3.547495e-01	66.503000
FCB	1	742840000	nan	1.582403e+00	1	9	8	xy-grid	210000	40000	68.430000	68.430000	26250.000000	40000	12	11	0	10	12	11	13	9	13	2.842600e+00	-3.668489e-01	nan	-3.793719e-01	4.699380e+00	-3.738617e-01	5.891963e+00	7.144605e-01	-3.690944e-01	48.173000
FCB	1	742880000	nan	1.380582e+00	1	9	8	xy-grid	210000	40000	68.430000	68.430000	26250.000000	40000	13	12	0	11	13	11	13	9	12	2.721630e+00	-3.798953e-01	nan	-3.731525e-01	4.794196e+00	-3.787730e-01	5.417951e+00	-3.868852e-01	-3.704143e-01	60.747000
FCB	1	742920000	nan	1.172516e+00	1	9	8	xy-grid	210000	40000	68.430000	68.430000	26250.000000	40000	12	12	0	10	13	11	13	9	13	2.811963e+00	-3.749413e-01	nan	-3.667338e-01	3.079506e+00	-3.628424e-01	5.344022e+00	-3.867443e-01	-3.641016e-01	77.533000
FCB	1	742960000	nan	1.167523e+00	1	9	8	xy-grid	210000	40000	68.430000	68.430000	26250.000000	40000	11	11	0	10	11	11	13	8	13	2.689449e+00	-3.933764e-01	nan	-3.827042e-01	3.309938e+00	-3.321700e-01	5.047627e+00	-2.181308e-01	-3.804521e-01	83.133000
FCB	1	743000000	nan	1.254786e+00	1	9	8	xy-grid	210000	40000	68.430000	68.430000	26250.000000	40000	12	12	1	10	11	11	12	8	12	2.583282e+00	-3.823020e-01	nan	-3.773274e-01	3.711086e+00	-3.964618e-01	4.586712e+00	6.907593e-01	-3.774585e-01	68.734000
FCB	1	743040000	1.140435e+00	1.140435e+00	0	9	8	xy-grid	210000	40000	68.430000	68.430000	26250.000000	40000	9	12	3	9	12	12	13	10	13	2.768928e+00	-3.556393e-01	-3.974590e-01	-3.671608e-01	3.489374e+00	-3.860139e-01	4.423486e+00	1.442855e+00	-3.544535e-01	58.219000
FCB	1	743080000	1.013826e+00	1.013826e+00	0	9	8	xy-grid	210000	40000	68.430000	68.430000	26250.000000	40000	8	12	4	9	10	12	13	9	12	3.021222e+00	-3.619681e-01	-3.975185e-01	-3.745530e-01	3.185753e+00	-3.924876e-01	4.961598e+00	-1.641207e-01	-3.534884e-01	64.303000
FCB	1	743120000	7.647976e-01	7.647976e-01	0	9	8	xy-grid	210000	40000	68.430000	68.430000	26250.000000	40000	8	13	6	8	10	12	13	7	13	3.225912e+00	-3.722125e-01	-4.185597e-01	-3.715659e-01	2.700680e+00	-4.060861e-01	3.282163e+00	-3.881032e-01	-3.690489e-01	71.916000
FCB	1	743160000	nan	1.099481e+00	1	9	8	xy-grid	210000	40000	68.430000	68.430000	26250.000000	40000	8	12	7	9	10	12	13	6	13	5.088084e+00	-3.414274e-01	-3.944315e-01	-3.510722e-01	2.537722e+00	-3.842727e-01	2.983524e+00	nan	-3.422802e-01	47.409000
FCB	1	743200000	9.341928e-01	9.341928e-01	0	9	8	xy-grid	210000	40000	68.430000	68.430000	26250.000000	40000	9	12	8	9	9	12	12	6	12	4.800724e+00	-3.764005e-01	-4.308329e-01	-4.090876e-01	1.948003e+00	-4.220349e-01	4.123465e+00	-4.706728e-01	-3.554280e-01	68.938000
FCB	1	743240000	-2.678579e-02	-2.678579e-02	0	9	8	xy-grid	210000	40000	68.430000	68.430000	26250.000000	40000	10	13	9	9	10	12	13	6	13	-4.089093e-01	-4.611522e-01	-5.207653e-01	-4.625536e-01	2.106091e+00	-4.743721e-01	9.240551e-01	-4.705210e-01	-4.729452e-01	73.398000
FCB	1	743280000	5.891326e-01	5.891326e-01	0	9	8	xy-grid	210000	40000	68.430000	68.430000	26250.000000	40000	13	13	11	10	10	12	12	7	13	1.377168e-01	7.525178e-01	-4.982132e-01	-4.405984e-01	2.845468e+00	-4.830930e-01	1.294313e+00	2.125757e+00	-4.316744e-01	54.522000
FCB	1	743320000	4.657463e-01	4.657463e-01	0	9	8	xy-grid	210000	40000	68.430000	68.430000	26250.000000	40000	13	12	12	10	12	11	13	10	13	8.470297e-01	1.797532e+00	-4.457500e-01	-3.989541e-01	1.336327e+00	-4.319863e-01	8.851508e-01	1.003637e+00	-4.012685e-01	58.656000
FCB	1	743360000	1.135237e+00	1.135237e+00	0	9	8	xy-grid	210000	40000	68.430000	68.430000	26250.000000	40000	13	12	13	10	12	13	13	10	11	2.700116e+00	3.002422e+00	-4.151188e-01	-3.691469e-01	5.515019e+00	-4.009235e-01	2.806460e-01	2.707238e-01	-3.666060e-01	101.822000
FCB	1	743400000	1.341318e+00	1.341318e+00	0	9	8	xy-grid	210000	40000	68.430000	68.430000	26250.000000	40000	13	13	11	9	12	12	12	11	12	2.623103e+00	4.394612e+00	-3.991198e-01	-3.587735e-01	5.526651e+00	-3.869124e-01	5.829662e-01	4.414861e-01	-3.521520e-01	85.926000
FCB	1	743440000	1.222306e+00	1.222306e+00	0	9	8	xy-grid	210000	40000	68.430000	68.430000	26250.000000	40000	12	12	12	8	13	11	13	12	11	2.072025e+00	4.459520e+00	-4.313220e-01	-3.919270e-01	5.169947e+00	-4.154986e-01	5.971916e-01	3.355004e-01	-3.946815e-01	59.374000
FCB	1	743480000	8.359405e-01	8.359405e-01	0	9	8	xy-grid	210000	40000	68.430000	68.430000	26250.000000	40000	12	13	11	7	13	11	13	12	12	-3.589142e-01	3.905089e+00	-4.488522e-01	-4.050323e-01	3.656943e+00	-4.127338e-01	8.447829e-01	1.147619e+00	-4.054372e-01	59.826000
FCB	1	743520000	1.061134e+00	1.061134e+00	0	9	8	xy-grid	210000	40000	68.430000	68.430000	26250.000000	40000	12	13	12	8	13	10	13	13	12	-3.484555e-01	3.793223e+00	-4.239240e-01	-3.672631e-01	3.763161e+00	8.747153e-01	1.236190e+00	1.397195e+00	-3.746388e-01	66.393000
FCB	1	743560000	1.755880e+00	1.755880e+00	0	9	8	xy-grid	210000	40000	68.430000	68.430000	26250.000000	40000	11	12	11	7	13	11	13	12	12	-3.482982e-01	3.347414e+00	-4.115039e-01	-3.551380e-01	3.363767e+00	4.069180e+00	2.164486e+00	4.338924e+00	-3.659057e-01	89.451000
FCB	1	743600000	1.487950e+00	1.487950e+00	0	9	8	xy-grid	210000	40000	68.430000	68.430000	26250.000000	40000	12	13	12	6	13	10	12	12	13	-3.271127e-01	2.538926e+00	-4.172309e-01	-3.796747e-01	2.592709e+00	2.685551e+00	2.894190e+00	4.174271e+00	-3.700768e-01	61.120000
FCB	1	743640000	1.231690e+00	1.231690e+00	0	9	8	xy-grid	210000	40000	68.430000	68.430000	26250.000000	40000	11	13	13	8	13	12	13	13	12	-3.140580e-01	3.045662e+00	-4.215733e-01	-3.877344e-01	3.543322e+00	-1.439873e-01	2.937182e+00	3.202198e+00	-3.758034e-01	81.496000
FCB	1	743680000	1.787377e+00	1.787377e+00	0	9	8	xy-grid	210000	40000	68.430000	68.430000	26250.000000	40000	12	12	12	8	12	13	12	13	11	2.017496e+00	5.804539e+00	-4.024297e-01	-3.747827e-01	5.871117e+00	2.994686e-01	2.159996e+00	1.061659e+00	-3.506719e-01	57.721000
FCB	1	743720000	2.459087e+00	2.459087e+00	0	9	8	xy-grid	210000	40000	68.430000	68.430000	26250.000000	40000	13	13	13	9	13	12	13	13	12	4.976460e+00	7.179064e+00	-3.488386e-01	-3.241211e-01	6.794490e+00	3.660793e-01	3.427889e+00	3.818065e-01	-3.210466e-01	71.355000
FCB	1	743760000	2.873013e+00	2.873013e+00	0	9	8	xy-grid	210000	40000	68.430000	68.430000	26250.000000	40000	12	12	13	9	13	13	13	12	11	6.633766e+00	7.681475e+00	-3.372478e-01	-3.090501e-01	7.367023e+00	-1.658613e-02	4.927428e+00	2.208368e-01	-3.105297e-01	75.598000
FCB	1	743800000	2.841417e+00	2.841417e+00	0	9	8	xy-grid	210000	40000	68.430000	68.430000	26250.000000	40000	13	13	11	8	13	13	12	13	11	6.067286e+00	7.705140e+00	-3.317474e-01	-3.127342e-01	6.838374e+00	2.581131e-01	5.374444e+00	2.702794e-01	-2.964065e-01	57.954000
FCB	1	743840000	3.276607e+00	3.276607e+00	0	9	8	xy-grid	210000	40000	68.430000	68.430000	26250.000000	40000	13	12	12	6	13	12	13	12	10	6.080924e+00	7.661427e+00	-3.070522e-01	-2.820681e-01	7.932449e+00	2.569285e+00	5.739904e+00	3.688824e-01	-2.742909e-01	79.188000
FCB	1	743880000	3.260475e+00	3.260475e+00	0	9	8	xy-grid	210000	40000	68.430000	68.430000	26250.000000	40000	13	13	12	5	12	12	13	12	9	4.798527e+00	7.449437e+00	-2.955339e-01	-2.723824e-01	7.001315e+00	5.055880e+00	5.411809e+00	4.498656e-01	-2.546435e-01	54.849000
FCB	1	743920000	3.819259e+00	3.819259e+00	0	9	8	xy-grid	210000	40000	68.430000	68.430000	26250.000000	40000	13	12	12	5	13	11	13	13	8	4.848392e+00	6.129728e+00	-2.581358e-01	-2.319926e-01	6.096077e+00	6.263662e+00	6.569892e+00	5.195225e+00	-2.395219e-01	69.061000
FCB	1	743960000	3.879736e+00	3.879736e+00	0	9	8	xy-grid	210000	40000	68.430000	68.430000	26250.000000	40000	12	12	12	4	12	12	13	12	7	5.267605e+00	5.417054e+00	-2.456088e-01	-2.320535e-01	4.959538e+00	6.825949e+00	6.798332e+00	6.362797e+00	-2.359874e-01	73.133000
FCB	1	744000000	3.819334e+00	3.819334e+00	0	9	8	xy-grid	210000	40000	68.430000	68.430000	26250.000000	40000	12	13	13	4	13	11	12	13	8	5.636372e+00	5.099408e+00	-2.470702e-01	-2.330980e-01	5.636670e+00	7.103778e+00	5.472110e+00	6.141873e+00	-2.360408e-01	58.110000
FCB	1	744040000	4.122100e+00	4.122100e+00	0	9	8	xy-grid	210000	40000	68.430000	68.430000	26250.000000	40000	12	12	13	6	13	11	12	12	8	5.982846e+00	5.362676e+00	-2.625111e-01	2.092875e+00	5.680108e+00	6.550906e+00	6.289485e+00	5.635343e+00	-2.328247e-01	84.646000
FCB	1	744080000	2.795701e+00	2.795701e+00	0	9	8	xy-grid	210000	40000	68.430000	68.430000	26250.000000	40000	12	13	12	8	12	13	11	13	11	7.081650e+00	6.458062e+00	-3.037658e-01	2.370859e+00	6.098956e+00	-2.873506e-01	4.132112e+00	-1.226923e-01	-2.665225e-01	83.382000
FCB	1	744120000	2.736221e+00	2.736221e+00	0	9	8	xy-grid	210000	40000	68.430000	68.430000	26250.000000	40000	12	13	12	8	13	12	11	13	12	7.241439e+00	6.673202e+00	-3.207953e-01	2.330873e+00	4.985097e+00	-3.017249e-01	4.168909e+00	1.284793e-01	-2.794869e-01	81.791000
FCB	1	744160000	2.163878e+00	2.163878e+00	0	9	8	xy-grid	210000	40000	68.430000	68.430000	26250.000000	40000	13	13	12	8	12	13	11	12	12	1.577579e+00	6.184911e+00	-3.255600e-01	2.243218e+00	4.895531e+00	-3.102851e-01	5.337054e+00	1.592489e-01	-2.867919e-01	98.342000
FCB	1	744200000	2.148282e+00	2.148282e+00	0	9	8	xy-grid	210000	40000	68.430000	68.430000	26250.000000	40000	12	13	12	9	13	13	12	13	13	1.659189e+00	5.697039e+00	-3.235332e-01	2.276828e+00	4.515221e+00	-3.074696e-01	5.859939e+00	2.430572e-01	-2.857302e-01	64.537000
FCB	1	744240000	2.177683e+00	2.177683e+00	0	9	8	xy-grid	210000	40000	68.430000	68.430000	26250.000000	40000	12	13	13	9	13	12	11	12	12	2.074577e+00	5.462209e+00	-3.213298e-01	2.809477e+00	4.334509e+00	-3.047297e-01	5.516062e+00	3.156252e-01	-2.872541e-01	79.341000
FCB	1	744280000	1.890940e+00	1.890940e+00	0	9	8	xy-grid	210000	40000	68.430000	68.430000	26250.000000	40000	12	13	12	9	12	13	12	12	13	2.828858e+00	2.825246e+00	-3.295319e-01	3.052583e+00	3.937939e+00	-3.128203e-01	4.977024e+00	3.337797e-01	-2.946152e-01	57.424000
FCB	1	744320000	1.847151e+00	1.847151e+00	0	9	8	xy-grid	210000	40000	68.430000	68.430000	26250.000000	40000	11	13	13	10	12	12	12	13	13	2.905297e+00	2.341145e+00	-3.377222e-01	3.472388e+00	3.378490e+00	-3.177114e-01	4.991179e+00	4.917788e-01	-3.004858e-01	58.844000
FCB	1	744360000	1.781550e+00	1.781550e+00	0	9	8	xy-grid	210000	40000	68.430000	68.430000	26250.000000	40000	8	12	13	10	11	13	11	12	13	2.954044e+00	2.288954e+00	-3.468006e-01	3.695317e+00	2.926527e+00	-3.342806e-01	4.554307e+00	6.179798e-01	-3.220946e-01	58.578000
FCB	1	744400000	1.363233e+00	1.363233e+00	0	9	8	xy-grid	210000	40000	68.430000	68.430000	26250.000000	40000	9	13	13	10	11	13	12	13	13	2.615557e+00	2.773694e+00	-3.682879e-01	2.118710e+00	2.423518e+00	-3.586042e-01	2.859998e+00	5.530806e-01	-3.485676e-01	78.735000
FCB	1	744440000	1.486598e+00	1.486598e+00	0	9	8	xy-grid	210000	40000	68.430000	68.430000	26250.000000	40000	9	12	12	9	10	11	12	12	13	3.120336e+00	2.386529e+00	-3.694943e-01	1.542639e+00	3.264579e+00	-3.766319e-01	3.403688e+00	7.668343e-01	-3.590948e-01	69.404000
FCB	1	744480000	1.872888e+00	1.872888e+00	0	9	8	xy-grid	210000	40000	68.430000	68.430000	26250.000000	40000	7	13	12	10	10	12	12	13	12	2.260588e+00	7.144758e-01	-3.587247e-01	1.589705e+00	4.133707e+00	-3.739960e-01	4.670918e+00	4.578824e+00	-3.595027e-01	77.922000
FCB	1	744520000	1.294932e+00	1.294932e+00	0	9	8	xy-grid	210000	40000	68.430000	68.430000	26250.000000	40000	8	12	13	9	12	11	13	13	13	2.219225e+00	4.976997e-01	-3.587614e-01	1.442229e+00	3.118415e+00	-3.810219e-01	2.797320e+00	2.689557e+00	-3.702747e-01	55.271000
FCB	1	744560000	1.236754e+00	1.236754e+00	0	9	8	xy-grid	210000	40000	68.430000	68.430000	26250.000000	40000	10	12	12	8	11	11	13	12	12	3.293497e+00	4.243203e-01	-3.645162e-01	1.382442e+00	2.539851e+00	-3.829421e-01	1.992371e+00	2.622091e+00	-3.763248e-01	57.595000
FCB	1	744600000	1.188078e+00	1.188078e+00	0	9	8	xy-grid	210000	40000	68.430000	68.430000	26250.000000	40000	11	13	11	8	12	10	13	12	13	3.813005e+00	3.129279e-01	-3.648645e-01	1.045165e+00	1.590537e+00	-3.843943e-01	2.814685e+00	2.248579e+00	-3.829337e-01	92.072000
FCB	1	744640000	1.997654e+00	1.997654e+00	0	9	8	xy-grid	210000	40000	68.430000	68.430000	26250.000000	40000	10	13	11	7	13	11	13	12	12	4.411102e+00	2.140333e-02	-3.547871e-01	1.117318e+00	1.356266e+00	-3.731725e-01	4.234209e+00	1.838834e+00	5.727714e+00	61.324000
FCB	1	744680000	1.138865e+00	1.138865e+00	0	9	8	xy-grid	210000	40000	68.430000	68.430000	26250.000000	40000	11	12	10	9	12	12	13	13	12	3.938111e+00	-3.698410e-02	-3.642271e-01	9.861466e-01	1.059719e+00	-3.768018e-01	3.765693e+00	1.647332e+00	-3.692071e-01	59.389000
FCB	1	744720000	9.746763e-01	9.746763e-01	0	9	8	xy-grid	210000	40000	68.430000	68.430000	26250.000000	40000	13	13	11	8	13	11	13	13	13	3.298458e+00	2.272962e-01	-3.699688e-01	1.173834e+00	7.163091e-01	-3.903557e-01	3.278304e+00	1.217970e+00	-3.797606e-01	77.313000
FCB	1	744760000	8.720953e-01	8.720953e-01	0	9	8	xy-grid	210000	40000	68.430000	68.430000	26250.000000	40000	12	12	10	10	13	12	12	13	13	2.616921e+00	4.947098e-01	-3.719140e-01	1.514213e+00	7.341328e-01	-3.869417e-01	2.590366e+00	1.032911e+00	-3.755403e-01	95.223000
FCB	1	744800000	5.937213e-01	5.937213e-01	0	9	8	xy-grid	210000	40000	68.430000	68.430000	26250.000000	40000	13	13	12	10	12	13	12	11	12	1.148691e+00	3.126685e-01	-3.825111e-01	1.541474e+00	5.905433e-01	-3.940424e-01	1.646945e+00	1.266039e+00	-3.863151e-01	70.106000
FCB	1	744840000	4.894969e-01	4.894969e-01	0	9	8	xy-grid	210000	40000	68.430000	68.430000	26250.000000	40000	13	12	11	10	13	12	12	9	13	9.440248e-01	2.061505e-01	-4.059431e-01	1.477202e+00	4.723345e-01	-4.302534e-01	1.290702e+00	1.257038e+00	-4.057827e-01	68.889000
FCB	1	744880000	1.023922e-01	1.023922e-01	0	9	8	xy-grid	210000	40000	68.430000	68.430000	26250.000000	40000	10	12	12	10	12	12	13	6	12	7.605930e-02	1.865022e-01	-4.248683e-01	1.655635e+00	4.347197e-02	-4.392606e-01	6.763470e-01	-4.363275e-01	-4.160284e-01	86.847000
FCB	1	744920000	nan	2.788417e-01	1	9	8	xy-grid	210000	40000	68.430000	68.430000	26250.000000	40000	10	12	13	9	11	11	13	5	13	1.481462e-01	2.777430e-01	-4.039760e-01	2.303347e+00	-8.288884e-02	-4.198893e-01	7.999642e-01	nan	-3.917121e-01	81.791000
FCB	1	744960000	nan	4.250051e-01	1	9	8	xy-grid	210000	40000	68.430000	68.430000	26250.000000	40000	9	12	12	10	8	12	12	4	11	1.425219e-01	4.984163e-01	-3.962086e-01	2.820161e+00	-1.167469e-01	-4.104517e-01	1.242002e+00	nan	-3.796528e-01	64.756000
FCB	1	745000000	1.030857e+00	1.030857e+00	0	9	8	xy-grid	210000	40000	68.430000	68.430000	26250.000000	40000	10	12	12	10	6	11	13	6	9	-2.326894e-01	4.094211e+00	-3.949380e-01	4.933441e+00	1.568829e-01	-4.087418e-01	1.860804e+00	-3.574384e-01	-3.738169e-01	69.513000
FCB	1	745040000	nan	1.437052e+00	1	9	8	xy-grid	210000	40000	68.430000	68.430000	26250.000000	40000	10	13	10	11	6	10	12	8	8	-3.097457e-01	4.814553e+00	-3.557026e-01	5.429363e+00	nan	-3.463901e-01	2.949623e+00	-3.292851e-01	-3.559988e-01	83.650000
FCB	1	745080000	nan	1.151595e+00	2	9	8	xy-grid	210000	40000	68.430000	68.430000	26250.000000	40000	12	12	10	11	5	10	13	10	7	-6.931710e-02	1.226048e+00	-3.550203e-01	4.795052e+00	nan	-4.082838e-01	3.217931e+00	-3.452448e-01	nan	51.682000
FCB	1	745120000	4.868710e-01	4.868710e-01	0	9	8	xy-grid	210000	40000	68.430000	68.430000	26250.000000	40000	12	12	11	11	7	9	13	12	8	4.585434e-02	-1.737442e-01	-4.140109e-01	3.779458e+00	-4.294931e-01	-4.309152e-01	2.823893e+00	-3.959364e-01	-4.232672e-01	64.272000
FCB	1	745160000	8.013666e-01	8.013666e-01	0	9	8	xy-grid	210000	40000	68.430000	68.430000	26250.000000	40000	12	13	10	10	9	10	12	12	8	-2.507997e-01	-2.235088e-01	-4.315029e-01	3.950672e+00	7.953806e-01	-4.416692e-01	4.622302e+00	-4.019849e-01	-4.065890e-01	55.427000
FCB	1	745200000	1.310409e+00	1.310409e+00	0	9	8	xy-grid	210000	40000	68.430000	68.430000	26250.000000	40000	13	13	11	8	12	9	12	11	11	-3.449102e-01	-3.454804e-01	-4.177914e-01	4.780311e+00	4.228233e+00	-4.360807e-01	5.127415e+00	-4.004526e-01	-3.975594e-01	94.115000
FCB	1	745240000	1.381942e+00	1.381942e+00	0	9	8	xy-grid	210000	40000	68.430000	68.430000	26250.000000	40000	12	11	13	9	13	6	12	8	12	-3.745805e-01	-3.808924e-01	-4.112038e-01	4.192231e+00	5.095515e+00	-4.324810e-01	5.538849e+00	-3.957207e-01	-3.942372e-01	53.648000
FCB	1	745280000	1.358587e+00	1.358587e+00	0	9	8	xy-grid	210000	40000	68.430000	68.430000	26250.000000	40000	12	11	12	8	12	8	13	6	12	-3.781332e-01	-3.858764e-01	-4.093168e-01	4.533245e+00	4.153657e+00	-4.291749e-01	5.933092e+00	-3.948103e-01	-3.954033e-01	54.179000
FCB	1	745320000	nan	2.536534e-01	1	9	8	xy-grid	210000	40000	68.430000	68.430000	26250.000000	40000	12	12	13	9	13	8	13	5	13	-3.954399e-01	-4.156407e-01	-4.320082e-01	2.761775e+00	1.606451e+00	-4.558094e-01	-2.261661e-01	nan	-4.139348e-01	56.238000
FCB	1	745360000	nan	1.968029e-01	1	9	8	xy-grid	210000	40000	68.430000	68.430000	26250.000000	40000	12	11	12	9	13	7	12	4	12	-4.076688e-01	-4.220847e-01	-4.426537e-01	2.263293e+00	1.647504e+00	-4.551839e-01	-1.814131e-01	nan	-4.273696e-01	63.195000
FCB	1	745400000	6.070398e-01	6.070398e-01	0	9	8	xy-grid	210000	40000	68.430000	68.430000	26250.000000	40000	12	12	12	8	13	9	13	6	13	-3.791781e-01	-4.165943e-01	-4.318081e-01	3.061778e+00	2.688410e+00	-4.520517e-01	2.464293e-01	1.565597e+00	-4.192248e-01	69.249000
FCB	1	745440000	6.300800e-01	6.300800e-01	0	9	8	xy-grid	210000	40000	68.430000	68.430000	26250.000000	40000	12	12	13	10	13	10	12	8	12	1.645506e+00	-4.278143e-01	-4.402341e-01	2.809178e+00	2.218485e+00	-2.594944e-01	5.339861e-01	2.006507e-02	-4.289573e-01	54.772000
FCB	1	745480000	5.072976e-01	5.072976e-01	0	9	8	xy-grid	210000	40000	68.430000	68.430000	26250.000000	40000	11	12	11	9	13	9	12	10	11	1.536953e+00	-4.346789e-01	-4.472742e-01	2.705787e+00	2.030328e+00	-3.940336e-01	3.262073e-01	-3.202893e-01	-4.373202e-01	57.923000
FCB	1	745520000	6.022792e-01	6.022792e-01	0	9	8	xy-grid	210000	40000	68.430000	68.430000	26250.000000	40000	12	12	12	8	12	8	13	13	10	2.133667e+00	-4.278331e-01	-4.342140e-01	2.794555e+00	1.321739e+00	-3.962262e-01	1.156550e+00	-3.070689e-01	-4.206561e-01	82.727000
FCB	1	745560000	1.799428e+00	1.799428e+00	0	9	8	xy-grid	210000	40000	68.430000	68.430000	26250.000000	40000	11	12	12	9	12	7	12	12	9	3.469877e+00	4.011583e+00	-3.770776e-01	5.476536e+00	2.138272e+00	-3.502673e-01	2.418330e+00	-2.610366e-01	-3.313628e-01	65.645000
FCB	1	745600000	2.695388e+00	2.695388e+00	0	9	8	xy-grid	210000	40000	68.430000	68.430000	26250.000000	40000	10	13	12	9	11	8	13	13	10	4.449131e+00	5.353342e+00	1.448119e+00	6.194299e+00	1.404735e+00	-3.497827e-01	6.137290e+00	-7.080384e-02	-3.078350e-01	75.769000
FCB	1	745640000	2.820381e+00	2.820381e+00	0	9	8	xy-grid	210000	40000	68.430000	68.430000	26250.000000	40000	12	12	12	8	11	8	12	13	9	5.437990e+00	5.690720e+00	-3.197792e-01	6.719680e+00	1.322406e+00	-2.954550e-01	7.342567e+00	-1.990004e-01	-3.156954e-01	91.213000
FCB	1	745680000	3.775849e+00	3.775849e+00	0	9	8	xy-grid	210000	40000	68.430000	68.430000	26250.000000	40000	11	12	12	8	10	9	12	13	9	6.374108e+00	6.407809e+00	-3.331015e-01	7.464564e+00	7.662512e+00	-3.045042e-01	7.344181e+00	-3.128776e-01	-3.200507e-01	60.747000
FCB	1	745720000	3.376729e+00	3.376729e+00	0	9	8	xy-grid	210000	40000	68.430000	68.430000	26250.000000	40000	12	12	13	9	11	11	13	12	10	6.474779e+00	7.964939e+00	-3.236233e-01	7.413650e+00	3.404545e+00	-3.072508e-01	6.271435e+00	-1.938490e-01	-3.140633e-01	75.785000
FCB	1	745760000	2.916143e+00	2.916143e+00	0	9	8	xy-grid	210000	40000	68.430000	68.430000	26250.000000	40000	11	12	12	9	12	12	12	12	11	6.093619e+00	5.041027e+00	-3.143173e-01	6.620033e+00	3.951284e+00	-2.931318e-01	4.870539e+00	5.787651e-01	-3.025273e-01	67.267000
FCB	1	745800000	3.103195e+00	3.103195e+00	0	9	8	xy-grid	210000	40000	68.430000	68.430000	26250.000000	40000	11	13	11	10	11	13	11	12	10	6.300952e+00	5.848535e+00	-3.194009e-01	7.362759e+00	4.747841e+00	-2.820884e-01	4.112885e+00	4.637847e-01	-3.065093e-01	71.417000
FCB	1	745840000	2.562769e+00	2.562769e+00	0	9	8	xy-grid	210000	40000	68.430000	68.430000	26250.000000	40000	11	13	12	10	11	11	12	13	8	1.367643e+00	5.752603e+00	-3.421331e-01	5.800426e+00	5.568987e+00	3.810932e-01	4.426137e+00	4.305006e-01	-3.203321e-01	61.293000
FCB	1	745880000	2.432461e+00	2.432461e+00	0	9	8	xy-grid	210000	40000	68.430000	68.430000	26250.000000	40000	9	12	11	9	10	12	11	12	8	1.344618e-01	5.929048e+00	-3.528992e-01	6.061055e+00	5.125469e+00	5.560325e-01	4.897686e+00	-1.320123e-01	-3.266876e-01	53.742000
FCB	1	745920000	2.004370e+00	2.004370e+00	0	9	8	xy-grid	210000	40000	68.430000	68.430000	26250.000000	40000	7	12	11	9	11	10	12	13	9	1.197230e+00	5.827607e+00	-3.414981e-01	-3.620679e-01	5.452713e+00	6.484137e-01	5.237896e+00	-2.328557e-01	6.118912e-01	70.638000
FCB	1	745960000	2.525753e+00	2.525753e+00	0	9	8	xy-grid	210000	40000	68.430000	68.430000	26250.000000	40000	7	12	8	8	11	10	11	13	8	1.047109e+00	6.244954e+00	-3.487130e-01	5.277101e+00	4.745275e+00	2.276414e-01	5.193918e+00	-2.675916e-01	6.120797e-01	70.933000
FCB	1	746000000	3.051712e+00	3.051712e+00	0	9	8	xy-grid	210000	40000	68.430000	68.430000	26250.000000	40000	8	13	7	9	11	10	13	13	9	-4.193511e-02	7.237860e+00	-3.284954e-01	6.435695e+00	8.022587e+00	7.368671e-02	6.553540e+00	-2.018347e-01	-2.856959e-01	75.583000
FCB	1	746040000	3.204818e+00	3.204818e+00	0	9	8	xy-grid	210000	40000	68.430000	68.430000	26250.000000	40000	8	12	5	8	12	10	13	13	12	-4.291320e-02	6.772191e+00	-3.283767e-01	7.069463e+00	8.464267e+00	1.456870e-01	7.195226e+00	-1.517412e-01	-2.804448e-01	56.659000
FCB	1	746080000	nan	3.533891e+00	1	9	8	xy-grid	210000	40000	68.430000	68.430000	26250.000000	40000	9	13	2	9	13	10	12	12	12	-2.799004e-01	5.956970e+00	nan	2.893339e-01	8.329994e+00	6.811111e+00	7.721355e+00	-2.760929e-01	-2.816418e-01	62.571000
FCB	1	746120000	nan	3.309339e+00	1	9	8	xy-grid	210000	40000	68.430000	68.430000	26250.000000	40000	11	13	0	9	12	11	13	12	13	-2.977284e-01	5.572553e+00	nan	-3.206740e-01	7.653277e+00	6.323503e+00	8.151545e+00	-3.075583e-01	-3.002055e-01	67.564000
FCB	1	746160000	nan	3.542935e+00	1	9	8	xy-grid	210000	40000	68.430000	68.430000	26250.000000	40000	11	13	0	8	13	12	12	11	12	-2.934982e-01	5.902669e+00	nan	-3.164316e-01	7.666978e+00	7.546859e+00	8.447737e+00	-3.121689e-01	-2.986656e-01	60.465000
FCB	1	746200000	nan	3.404005e+00	1	9	8	xy-grid	210000	40000	68.430000	68.430000	26250.000000	40000	12	13	0	9	12	13	13	12	13	-2.023728e-01	6.822226e+00	nan	-3.116896e-01	7.635309e+00	7.264627e+00	6.520014e+00	-3.054284e-01	-1.906449e-01	52.853000
FCB	1	746240000	nan	3.626317e+00	1	9	8	xy-grid	210000	40000	68.430000	68.430000	26250.000000	40000	12	13	0	9	13	12	13	12	13	-3.986684e-02	7.359348e+00	nan	-3.083484e-01	8.231226e+00	6.609684e+00	7.498240e+00	-2.964623e-01	-4.328400e-02	51.106000
FCB	1	746280000	nan	3.965977e+00	1	9	8	xy-grid	210000	40000	68.430000	68.430000	26250.000000	40000	11	12	0	9	12	13	12	12	11	1.067568e-01	7.831305e+00	nan	-3.072242e-01	8.677054e+00	6.764135e+00	8.418140e+00	-2.667073e-01	5.043578e-01	63.305000
FCB	1	746320000	nan	3.956207e+00	1	9	8	xy-grid	210000	40000	68.430000	68.430000	26250.000000	40000	12	13	0	9	13	13	13	13	12	-2.940060e-01	8.030823e+00	nan	-3.098416e-01	8.501248e+00	7.146461e+00	8.533993e+00	-2.855341e-01	3.265124e-01	47.440000
FCB	1	746360000	nan	3.908457e+00	1	9	8	xy-grid	210000	40000	68.430000	68.430000	26250.000000	40000	13	12	0	10	13	13	12	12	11	-2.947801e-01	8.272560e+00	nan	-3.057926e-01	8.424339e+00	6.851651e+00	8.797226e+00	-2.801599e-01	-1.973885e-01	53.211000
FCB	1	746400000	nan	4.652934e+00	1	9	8	xy-grid	210000	40000	68.430000	68.430000	26250.000000	40000	13	13	1	11	12	13	12	13	11	-2.743436e-01	8.828515e+00	nan	4.325048e+00	9.173018e+00	7.094311e+00	8.622875e+00	-2.677830e-01	-2.781719e-01	59.796000
FCB	1	746440000	nan	5.049962e+00	1	9	8	xy-grid	210000	40000	68.430000	68.430000	26250.000000	40000	13	12	3	9	13	12	13	13	12	-2.228931e-01	8.924146e+00	nan	6.966072e+00	9.087806e+00	7.485749e+00	8.647800e+00	-2.178980e-01	-2.710823e-01	65.364000
FCB	1	746480000	3.514739e+00	3.514739e+00	0	9	8	xy-grid	210000	40000	68.430000	68.430000	26250.000000	40000	12	12	5	11	12	13	12	13	12	1.308251e-01	7.800573e+00	-3.476258e-01	7.704691e+00	8.483379e+00	5.347265e-01	7.711592e+00	-1.044628e-01	-2.810501e-01	88.624000
FCB	1	746520000	3.374111e+00	3.374111e+00	0	9	8	xy-grid	210000	40000	68.430000	68.430000	26250.000000	40000	12	13	8	10	12	11	12	13	13	3.518133e-01	7.411612e+00	-3.531434e-01	8.283900e+00	8.055710e+00	3.602666e-01	6.818726e+00	-2.491807e-01	-3.127037e-01	72.446000
FCB	1	746560000	2.845612e+00	2.845612e+00	0	9	8	xy-grid	210000	40000	68.430000	68.430000	26250.000000	40000	12	12	10	10	13	10	11	12	12	1.532978e-01	6.328916e+00	-3.748962e-01	6.500709e+00	7.277845e+00	-1.141626e-01	6.280062e+00	-1.568267e-01	-2.844405e-01	79.218000
FCB	1	746600000	1.987791e+00	1.987791e+00	0	9	8	xy-grid	210000	40000	68.430000	68.430000	26250.000000	40000	13	13	13	10	12	11	12	13	13	1.492121e+00	4.449284e+00	-4.129599e-01	4.271186e+00	3.255466e+00	-1.325305e-01	4.673183e+00	-2.146387e-01	5.090041e-01	98.109000
FCB	1	746640000	2.142658e+00	2.142658e+00	0	9	8	xy-grid	210000	40000	68.430000	68.430000	26250.000000	40000	12	12	13	10	13	10	12	12	13	2.161888e+00	4.559202e+00	-3.810759e-01	3.986711e+00	2.502826e+00	-1.619976e-01	4.718816e+00	1.119896e+00	7.776578e-01	62.978000
FCB	1	746680000	2.333946e+00	2.333946e+00	0	9	8	xy-grid	210000	40000	68.430000	68.430000	26250.000000	40000	12	12	12	10	12	11	11	12	11	2.919564e+00	4.941611e+00	-3.712853e-01	4.549199e+00	2.603682e+00	1.243544e-01	5.158383e+00	5.042481e-01	5.757571e-01	60.466000
FCB	1	746720000	2.509441e+00	2.509441e+00	0	9	8	xy-grid	210000	40000	68.430000	68.430000	26250.000000	40000	12	13	12	10	12	11	13	12	12	2.799554e+00	5.221536e+00	-3.669007e-01	5.763825e+00	2.706719e+00	3.658916e-01	5.536411e+00	2.840216e-01	2.739133e-01	73.539000
FCB	1	746760000	2.362931e+00	2.362931e+00	0	9	8	xy-grid	210000	40000	68.430000	68.430000	26250.000000	40000	12	12	12	10	13	12	12	11	11	2.897688e+00	4.688666e+00	-3.729385e-01	5.720709e+00	2.560726e+00	2.516989e-01	5.186434e+00	2.563205e-01	7.707295e-02	57.470000
FCB	1	746800000	1.349406e+00	1.349406e+00	0	9	8	xy-grid	210000	40000	68.430000	68.430000	26250.000000	40000	13	12	12	9	12	13	12	10	11	2.828797e+00	3.845370e+00	-3.960711e-01	-3.685240e-01	1.792167e+00	1.084398e-01	3.343140e+00	9.046257e-01	8.670521e-02	92.244000
FCB	1	746840000	1.680657e+00	1.680657e+00	0	9	8	xy-grid	210000	40000	68.430000	68.430000	26250.000000	40000	12	12	13	9	13	13	13	8	12	3.604208e+00	2.129702e+00	-3.839650e-01	3.964880e+00	2.048563e+00	8.817275e-01	2.230138e+00	5.534632e-01	9.719968e-02	72.603000
FCB	1	746880000	1.744391e+00	1.744391e+00	0	9	8	xy-grid	210000	40000	68.430000	68.430000	26250.000000	40000	12	13	10	10	12	13	12	9	12	4.116330e+00	2.211853e+00	-3.754437e-01	3.469588e+00	2.700763e+00	7.483297e-01	2.371577e+00	4.644872e-01	-7.969032e-03	93.849000
FCB	1	746920000	1.535253e+00	1.535253e+00	0	9	8	xy-grid	210000	40000	68.430000	68.430000	26250.000000	40000	13	11	8	9	13	13	13	9	13	4.079480e+00	2.464496e+00	-3.752642e-01	2.921403e+00	1.798321e+00	7.546154e-01	2.197422e+00	5.405651e-04	-2.374012e-02	78.125000
FCB	1	746960000	1.725005e+00	1.725005e+00	0	9	8	xy-grid	210000	40000	68.430000	68.430000	26250.000000	40000	12	12	5	10	12	13	12	7	12	4.596400e+00	2.269828e+00	-3.754100e-01	3.275864e+00	2.574232e+00	8.245340e-01	2.245155e+00	5.915259e-02	5.528739e-02	58.437000
FCB	1	747000000	nan	2.733273e+00	1	9	8	xy-grid	210000	40000	68.430000	68.430000	26250.000000	40000	13	11	3	10	10	13	13	8	12	6.016723e+00	1.920831e+00	nan	6.334235e+00	4.361462e+00	1.152299e+00	9.632568e-01	8.853027e-01	2.320727e-01	52.915000
FCB	1	747040000	nan	3.646390e+00	2	9	8	xy-grid	210000	40000	68.430000	68.430000	26250.000000	40000	12	11	1	11	8	12	12	8	13	7.043493e+00	1.055502e+00	nan	7.322865e+00	6.936814e+00	2.041362e+00	1.270683e+00	nan	-1.459876e-01	59.514000
FCB	1	747080000	nan	2.657194e+00	1	9	8	xy-grid	210000	40000	68.430000	68.430000	26250.000000	40000	13	11	0	10	6	13	12	9	11	6.347513e+00	-1.190496e-01	nan	6.554516e+00	6.662447e+00	2.830852e+00	-3.438633e-01	-3.404459e-01	-3.344172e-01	49.748000
FCB	1	747120000	nan	1.737758e+00	2	9	8	xy-grid	210000	40000	68.430000	68.430000	26250.000000	40000	13	12	0	10	6	12	13	9	12	5.130954e+00	-3.744334e-01	nan	5.596086e+00	nan	2.642686e+00	-3.810231e-01	-2.964842e-01	-1.534771e-01	68.812000
FCB	1	747160000	nan	2.670402e+00	1	9	8	xy-grid	210000	40000	68.430000	68.430000	26250.000000	40000	11	12	0	10	7	13	12	11	11	4.936348e+00	1.760298e+00	nan	5.344500e+00	6.924545e+00	1.993221e+00	-3.640519e-01	-2.584436e-01	1.026802e+00	82.759000
FCB	1	747200000	nan	1.871452e+00	1	9	8	xy-grid	210000	40000	68.430000	68.430000	26250.000000	40000	12	12	0	8	8	13	13	13	12	1.814398e+00	2.679386e+00	nan	3.528016e+00	2.959353e+00	2.002079e+00	-3.691747e-01	-3.477058e-01	2.705267e+00	54.444000
FCB	1	747240000	nan	1.732146e+00	1	9	8	xy-grid	210000	40000	68.430000	68.430000	26250.000000	40000	12	12	0	9	11	12	13	13	12	-3.610738e-01	3.299312e+00	nan	3.764171e+00	3.244563e+00	1.530759e+00	-3.727625e-01	-3.595812e-01	3.111784e+00	58.985000
FCB	1	747280000	nan	1.824337e+00	1	9	8	xy-grid	210000	40000	68.430000	68.430000	26250.000000	40000	9	11	0	9	12	13	12	12	12	-3.749108e-01	3.496405e+00	nan	4.215677e+00	3.058168e+00	1.651323e+00	-3.803529e-01	-3.747602e-01	3.303149e+00	69.825000
FCB	1	747320000	nan	1.770943e+00	1	9	8	xy-grid	210000	40000	68.430000	68.430000	26250.000000	40000	10	11	0	8	13	12	13	13	13	-3.109428e-01	3.307582e+00	nan	4.516875e+00	2.690223e+00	1.725219e+00	-4.010098e-01	-3.772486e-01	3.016843e+00	60.653000
FCB	1	747360000	nan	8.750172e-01	1	9	8	xy-grid	210000	40000	68.430000	68.430000	26250.000000	40000	9	12	0	9	12	13	12	13	12	-1.310340e-01	2.316563e+00	nan	-2.776480e-01	1.752310e+00	1.502375e+00	-4.289128e-01	-1.046183e-01	2.371102e+00	74.771000
FCB	1	747400000	nan	7.702909e-01	1	9	8	xy-grid	210000	40000	68.430000	68.430000	26250.000000	40000	10	11	0	10	12	13	13	11	12	-6.365885e-02	-4.210937e-01	nan	2.039853e-01	3.317818e+00	1.580910e+00	1.846004e+00	1.471248e-01	-4.487617e-01	64.086000
FCB	1	747440000	nan	4.919384e-01	1	9	8	xy-grid	210000	40000	68.430000	68.430000	26250.000000	40000	9	12	0	11	13	12	13	8	13	-3.543549e-01	-4.114699e-01	nan	6.258053e-02	2.481823e+00	1.023364e+00	1.857276e+00	-2.887342e-01	-4.349767e-01	58.796000
FCB	1	747480000	nan	3.058350e-01	1	9	8	xy-grid	210000	40000	68.430000	68.430000	26250.000000	40000	9	12	0	9	12	13	12	7	11	-5.163134e-02	-3.962830e-01	nan	-2.763438e-01	1.716932e+00	8.473870e-01	1.441312e+00	-4.109492e-01	-4.237436e-01	75.474000
FCB	1	747520000	nan	5.926537e-01	2	9	8	xy-grid	210000	40000	68.430000	68.430000	26250.000000	40000	8	13	0	11	13	12	13	8	12	2.083479e+00	-3.810536e-01	nan	-2.420099e-01	1.989017e+00	1.448620e-01	9.507399e-01	nan	-3.964578e-01	46.566000
FCB	1	747560000	nan	4.380573e-01	1	9	8	xy-grid	210000	40000	68.430000	68.430000	26250.000000	40000	9	13	1	10	13	13	13	7	12	2.783102e+00	-3.907171e-01	nan	-2.968709e-01	1.661245e+00	5.595399e-02	4.991629e-01	-3.864808e-01	-4.209367e-01	62.229000
FCB	1	747600000	nan	8.217409e-01	1	9	8	xy-grid	210000	40000	68.430000	68.430000	26250.000000	40000	9	13	1	10	12	13	13	8	11	3.054157e+00	-3.358769e-01	nan	-2.957401e-01	2.853898e+00	1.170299e-01	6.841724e-01	9.037034e-01	-4.074169e-01	70.793000
FCB	1	747640000	1.093980e+00	1.093980e+00	0	9	8	xy-grid	210000	40000	68.430000	68.430000	26250.000000	40000	9	13	1	9	13	11	13	11	12	5.893528e-01	-2.895291e-01	-3.911681e-01	2.913914e+00	3.085112e+00	9.113414e-01	1.086610e+00	2.327864e+00	-3.876717e-01	61.167000
FCB	1	747680000	1.418369e+00	1.418369e+00	0	9	8	xy-grid	210000	40000	68.430000	68.430000	26250.000000	40000	11	13	1	10	12	11	12	12	12	2.651131e+00	3.242993e-01	-3.906459e-01	2.588193e+00	3.060034e+00	1.431406e+00	6.509328e-01	2.816473e+00	-3.665039e-01	60.965000
FCB	1	747720000	nan	2.412585e+00	1	9	8	xy-grid	210000	40000	68.430000	68.430000	26250.000000	40000	13	12	1	9	13	11	13	13	13	2.758975e+00	1.213869e+00	nan	2.709026e+00	3.283389e+00	4.495496e+00	1.907084e+00	3.278873e+00	-3.460288e-01	80.684000
FCB	1	747760000	nan	2.667803e+00	1	9	8	xy-grid	210000	40000	68.430000	68.430000	26250.000000	40000	13	13	0	8	13	11	12	12	13	3.419332e+00	1.978956e+00	nan	3.711361e+00	2.990001e+00	4.980404e+00	1.785297e+00	2.817131e+00	-3.400568e-01	55.786000
FCB	1	747800000	nan	2.603575e+00	1	9	8	xy-grid	210000	40000	68.430000	68.430000	26250.000000	40000	13	13	0	9	12	11	12	13	12	3.886949e+00	1.615207e+00	nan	3.756778e+00	2.699785e+00	4.788953e+00	1.577457e+00	2.839724e+00	-3.362534e-01	73.180000
FCB	1	747840000	nan	2.361958e+00	1	9	8	xy-grid	210000	40000	68.430000	68.430000	26250.000000	40000	12	12	0	9	12	12	13	13	13	3.914962e+00	1.595637e+00	nan	3.209385e+00	1.633917e+00	4.387921e+00	1.646165e+00	2.860667e+00	-3.529868e-01	52.634000
FCB	1	747880000	nan	2.013894e+00	1	9	8	xy-grid	210000	40000	68.430000	68.430000	26250.000000	40000	12	13	0	7	11	12	11	12	11	4.616920e+00	1.433260e+00	nan	3.571830e+00	1.416122e-01	5.075946e+00	1.772094e+00	-1.441849e-01	-3.563226e-01	47.393000
FCB	1	747920000	nan	1.997427e+00	1	9	8	xy-grid	210000	40000	68.430000	68.430000	26250.000000	40000	10	12	0	8	11	12	9	13	12	5.618749e+00	6.153447e-01	nan	5.118163e+00	-2.740150e-02	5.536789e+00	-3.735881e-01	-1.362004e-01	-3.724380e-01	52.666000
FCB	1	747960000	nan	1.905457e+00	1	9	8	xy-grid	210000	40000	68.430000	68.430000	26250.000000	40000	9	12	0	7	9	12	6	13	12	5.738269e+00	-2.596280e-01	nan	5.479788e+00	-3.703142e-02	5.143056e+00	-3.839027e-01	-6.612607e-02	-3.707682e-01	53.352000
FCB	1	748000000	nan	1.645500e+00	2	9	8	xy-grid	210000	40000	68.430000	68.430000	26250.000000	40000	9	13	0	8	11	12	4	13	11	4.095285e+00	-2.918044e-01	nan	3.576350e+00	-1.477734e-01	4.832074e+00	nan	-1.853137e-01	-3.603178e-01	55.976000
FCB	1	748040000	nan	7.708040e-01	2	9	8	xy-grid	210000	40000	68.430000	68.430000	26250.000000	40000	8	12	0	8	10	12	1	13	12	3.486329e+00	4.496300e-02	nan	1.867970e+00	-1.769394e-01	7.426389e-01	nan	-1.907273e-01	-3.786069e-01	52.447000
FCB	1	748080000	nan	5.541518e-01	2	9	8	xy-grid	210000	40000	68.430000	68.430000	26250.000000	40000	9	13	0	10	9	11	0	13	12	2.135512e+00	5.678468e-01	nan	1.361214e+00	-8.902534e-02	4.223366e-01	nan	-1.344005e-01	-3.844207e-01	41.465000
FCB	1	748120000	nan	1.228095e+00	2	9	8	xy-grid	210000	40000	68.430000	68.430000	26250.000000	40000	10	12	0	10	11	11	0	13	13	5.033492e+00	1.750802e+00	nan	3.913496e-01	1.410445e-01	1.852863e+00	nan	-1.982376e-01	-3.746459e-01	46.410000
FCB	1	748160000	nan	1.946979e+00	2	9	8	xy-grid	210000	40000	68.430000	68.430000	26250.000000	40000	11	13	0	10	12	13	1	14	12	5.449622e+00	3.689844e+00	nan	-2.705998e-01	7.390167e-01	2.136595e+00	nan	2.240207e+00	-3.558346e-01	45.037000
FCB	1	748200000	nan	2.056768e+00	2	9	8	xy-grid	210000	40000	68.430000	68.430000	26250.000000	40000	13	13	0	11	12	12	4	12	12	5.631900e+00	3.897824e+00	nan	-2.663286e-01	1.048431e+00	3.102830e+00	nan	1.125636e+00	-1.429160e-01	68.141000
FCB	1	748240000	nan	2.349960e+00	1	9	8	xy-grid	210000	40000	68.430000	68.430000	26250.000000	40000	12	12	0	9	11	12	6	13	13	5.709760e+00	4.484542e+00	nan	2.073677e+00	1.303396e+00	3.596148e+00	-3.580757e-01	1.538895e+00	4.513402e-01	52.354000
FCB	1	748280000	nan	2.196374e+00	1	9	8	xy-grid	210000	40000	68.430000	68.430000	26250.000000	40000	13	13	0	9	12	12	8	12	12	5.502881e+00	3.949727e+00	nan	1.267450e+00	1.293605e+00	3.789062e+00	-3.547405e-01	1.295178e+00	8.278297e-01	50.653000
FCB	1	748320000	nan	2.242396e+00	1	9	8	xy-grid	210000	40000	68.430000	68.430000	26250.000000	40000	12	12	3	9	13	12	10	13	13	5.511124e+00	3.935138e+00	nan	1.835301e+00	1.023293e+00	4.701193e+00	-3.470348e-01	4.143234e-01	8.658316e-01	71.543000
FCB	1	748360000	1.999400e+00	1.999400e+00	0	9	8	xy-grid	210000	40000	68.430000	68.430000	26250.000000	40000	12	12	4	11	13	12	12	14	13	5.278829e+00	3.980363e+00	-3.919091e-01	2.253787e+00	1.428317e+00	4.787168e+00	-3.441231e-01	-2.025790e-01	1.204747e+00	58.297000
FCB	1	748400000	1.898654e+00	1.898654e+00	0	9	8	xy-grid	210000	40000	68.430000	68.430000	26250.000000	40000	13	13	6	11	13	11	13	13	12	4.535893e+00	3.319335e+00	-3.920325e-01	2.945199e+00	1.471044e+00	4.824458e+00	-3.559306e-01	-3.386170e-01	1.078534e+00	54.101000
FCB	1	748440000	1.058577e+00	1.058577e+00	0	9	8	xy-grid	210000	40000	68.430000	68.430000	26250.000000	40000	12	12	7	11	12	11	13	13	13	2.845115e+00	2.191646e+00	-4.255897e-01	1.940406e+00	2.376511e+00	7.214469e-01	-3.625057e-01	-3.581386e-01	5.983044e-01	66.924000
FCB	1	748480000	1.083827e+00	1.083827e+00	0	9	8	xy-grid	210000	40000	68.430000	68.430000	26250.000000	40000	12	12	7	12	12	11	12	12	12	2.387768e+00	2.414594e+00	-4.178176e-01	2.344202e+00	2.497698e+00	1.091342e+00	-3.022981e-01	-3.638036e-01	1.027566e-01	69.482000
FCB	1	748520000	1.120261e+00	1.120261e+00	0	9	8	xy-grid	210000	40000	68.430000	68.430000	26250.000000	40000	12	12	5	10	11	10	13	13	13	2.974518e+00	2.909322e+00	-4.179754e-01	1.304148e+00	2.496725e+00	7.690293e-01	-2.336679e-01	-3.629037e-01	6.431577e-01	73.367000
FCB	1	748560000	nan	1.278840e+00	1	9	8	xy-grid	210000	40000	68.430000	68.430000	26250.000000	40000	12	12	3	11	8	11	13	14	14	2.852995e+00	3.008719e+00	nan	1.358527e+00	2.294194e+00	3.835693e-01	-3.251245e-01	-2.405216e-01	8.983639e-01	79.311000
FCB	1	748600000	nan	1.622042e+00	1	9	8	xy-grid	210000	40000	68.430000	68.430000	26250.000000	40000	11	13	2	9	8	11	11	12	12	2.312134e+00	3.233352e+00	nan	4.307221e+00	1.149773e+00	4.078048e-01	-3.809576e-01	5.228901e-01	1.424120e+00	57.845000
FCB	1	748640000	nan	2.003612e-01	1	9	8	xy-grid	210000	40000	68.430000	68.430000	26250.000000	40000	10	12	0	10	6	12	9	13	13	-1.691855e-02	-4.384991e-03	nan	-2.643968e-01	1.370266e+00	-3.060172e-02	-4.118590e-01	4.471396e-01	5.136449e-01	74.739000
FCB	1	748680000	nan	4.685897e-02	1	9	8	xy-grid	210000	40000	68.430000	68.430000	26250.000000	40000	9	13	0	10	7	12	6	13	11	-3.985019e-01	7.683723e-02	nan	-3.221821e-01	1.675386e+00	-4.438493e-02	-4.290320e-01	-3.210636e-01	1.378127e-01	60.498000
FCB	1	748720000	nan	1.074743e-01	2	9	8	xy-grid	210000	40000	68.430000	68.430000	26250.000000	40000	9	13	3	10	6	12	4	13	12	-4.014128e-01	-1.477775e-01	nan	-1.662182e-01	1.678671e+00	-1.306254e-01	nan	-3.692869e-01	2.889698e-01	55.365000
FCB	1	748760000	nan	2.275797e-01	1	9	8	xy-grid	210000	40000	68.430000	68.430000	26250.000000	40000	8	12	5	10	7	13	2	13	12	-4.130910e-01	-3.000550e-01	-4.369907e-01	7.478610e-01	1.694349e+00	-1.537438e-01	nan	-3.882245e-01	1.070532e+00	67.660000
FCB	1	748800000	nan	6.661086e-01	1	9	8	xy-grid	210000	40000	68.430000	68.430000	26250.000000	40000	8	13	6	10	7	12	0	12	11	-3.953082e-01	-3.298395e-01	-4.363791e-01	2.646109e+00	3.988863e+00	-1.606487e-01	nan	-3.879613e-01	4.040339e-01	58.765000
FCB	1	748840000	nan	6.337803e-01	1	9	8	xy-grid	210000	40000	68.430000	68.430000	26250.000000	40000	5	12	8	11	10	12	0	11	11	-3.999073e-01	-3.038003e-01	-4.417992e-01	2.970356e+00	3.481759e+00	-1.187627e-01	nan	-3.970904e-01	2.794873e-01	59.639000
FCB	1	748880000	nan	1.061726e-01	1	9	8	xy-grid	210000	40000	68.430000	68.430000	26250.000000	40000	4	13	10	11	10	13	2	12	11	-4.322870e-01	-1.991875e-01	-3.812341e-01	1.247359e+00	1.254886e+00	1.961156e-01	nan	-4.068570e-01	-4.294146e-01	63.789000
FCB	1	748920000	nan	3.644990e-01	1	9	8	xy-grid	210000	40000	68.430000	68.430000	26250.000000	40000	3	13	10	10	11	12	5	12	12	nan	-2.820240e-02	1.348735e-01	2.109828e-03	-2.382290e-01	3.590315e-01	3.478038e+00	-3.716744e-01	-4.199551e-01	58.110000
FCB	1	748960000	3.790472e-01	3.790472e-01	0	9	8	xy-grid	210000	40000	68.430000	68.430000	26250.000000	40000	5	12	9	10	12	13	7	12	12	5.217469e-01	2.321932e-01	6.220561e-01	-3.928201e-01	-3.978216e-01	2.202759e-01	3.480219e+00	-4.188239e-01	-4.556006e-01	61.044000
FCB	1	749000000	-1.632147e-01	-1.632147e-01	0	9	8	xy-grid	210000	40000	68.430000	68.430000	26250.000000	40000	7	13	10	9	13	12	9	13	11	5.179975e-01	2.355106e-01	-3.091472e-01	-4.306428e-01	-4.390131e-01	2.594837e-01	-3.415220e-01	-4.573646e-01	-5.042342e-01	59.951000
FCB	1	749040000	-2.127903e-02	-2.127903e-02	0	9	8	xy-grid	210000	40000	68.430000	68.430000	26250.000000	40000	9	12	12	9	13	12	12	12	13	6.341138e-01	1.851161e-01	-4.910666e-01	-4.051224e-01	1.074401e+00	1.766954e-01	-4.151906e-01	-4.554241e-01	-4.950341e-01	62.946000
FCB	1	749080000	3.927674e-01	3.927674e-01	0	9	8	xy-grid	210000	40000	68.430000	68.430000	26250.000000	40000	12	13	11	7	13	13	12	12	11	3.070257e+00	-1.132953e-02	-4.780832e-01	-4.284119e-01	2.718350e+00	8.982906e-02	-4.615292e-01	-4.715692e-01	-4.926062e-01	62.150000
FCB	1	749120000	2.615658e-01	2.615658e-01	0	9	8	xy-grid	210000	40000	68.430000	68.430000	26250.000000	40000	13	13	12	7	13	12	11	11	10	1.974779e+00	-9.858214e-02	-4.899664e-01	-4.350206e-01	2.878175e+00	1.540449e-02	-4.900962e-01	-4.919355e-01	-5.086649e-01	60.435000
FCB	1	749160000	4.363373e-01	4.363373e-01	0	9	8	xy-grid	210000	40000	68.430000	68.430000	26250.000000	40000	12	12	13	7	12	12	13	10	8	2.628431e+00	-1.998901e-02	-4.563743e-01	-4.923975e-01	3.668137e+00	-1.611732e-02	-4.566962e-01	-4.494694e-01	-4.784882e-01	70.325000
FCB	1	749200000	4.995517e-01	4.995517e-01	0	9	8	xy-grid	210000	40000	68.430000	68.430000	26250.000000	40000	13	13	12	5	10	12	12	11	5	3.011607e+00	-1.776884e-02	-4.292703e-01	-4.301807e-01	3.547962e+00	2.681500e-02	-2.954010e-01	-4.544714e-01	-4.633261e-01	77.641000
FCB	1	749240000	nan	4.673270e-01	1	9	8	xy-grid	210000	40000	68.430000	68.430000	26250.000000	40000	11	12	13	5	8	13	13	11	3	1.603568e+00	-4.107308e-02	-4.758952e-01	2.289896e+00	5.459950e-01	-4.286635e-02	3.208018e-01	-4.618106e-01	nan	65.364000
FCB	1	749280000	nan	3.011094e-01	1	9	8	xy-grid	210000	40000	68.430000	68.430000	26250.000000	40000	12	13	12	6	5	13	12	11	2	-3.315325e-01	4.825599e-01	-4.248231e-01	2.685685e+00	-4.957492e-01	-5.442748e-02	9.908384e-01	-4.436760e-01	nan	79.186000
FCB	1	749320000	nan	4.147068e-01	2	9	8	xy-grid	210000	40000	68.430000	68.430000	26250.000000	40000	12	13	13	8	3	12	13	13	3	-4.176597e-01	4.117531e-01	-4.170396e-01	2.557601e+00	nan	-5.525488e-02	1.246271e+00	-4.227241e-01	nan	45.162000
FCB	1	749360000	nan	2.009785e-01	1	9	8	xy-grid	210000	40000	68.430000	68.430000	26250.000000	40000	9	12	12	7	0	13	13	12	5	-2.732348e-01	-2.457780e-01	-4.282301e-01	2.187961e+00	nan	-2.185283e-01	1.500641e+00	-4.295491e-01	-4.854532e-01	64.571000
FCB	1	749400000	nan	1.250529e-01	1	9	8	xy-grid	210000	40000	68.430000	68.430000	26250.000000	40000	10	13	13	8	0	12	12	12	7	4.042895e-01	-9.712293e-02	-4.541736e-01	1.483969e+00	nan	2.661460e-01	3.528939e-01	-4.492188e-01	-5.063590e-01	52.041000
FCB	1	749440000	nan	-4.285461e-02	1	9	8	xy-grid	210000	40000	68.430000	68.430000	26250.000000	40000	10	12	13	9	0	12	13	12	9	8.630265e-01	-8.764985e-02	-4.451233e-01	-2.193408e-01	nan	3.733710e-01	1.196303e-01	-4.520538e-01	-4.946969e-01	54.274000
FCB	1	749480000	nan	2.263862e-01	1	9	8	xy-grid	210000	40000	68.430000	68.430000	26250.000000	40000	11	12	12	8	0	13	11	9	10	1.177742e+00	-3.828626e-01	-4.097710e-01	9.652122e-01	nan	5.469418e-01	7.765580e-01	-4.038147e-01	-4.589162e-01	53.523000
FCB	1	749520000	nan	4.434578e-01	1	9	8	xy-grid	210000	40000	68.430000	68.430000	26250.000000	40000	10	13	13	9	0	12	11	7	11	2.443222e+00	1.942769e-01	-3.509934e-01	2.216588e-01	nan	5.818322e-01	1.239329e+00	-3.793144e-01	-4.023495e-01	66.363000
FCB	1	749560000	nan	1.532371e+00	2	9	8	xy-grid	210000	40000	68.430000	68.430000	26250.000000	40000	9	12	13	8	2	12	9	4	12	4.569717e+00	4.145729e+00	-2.918317e-01	5.221921e-02	nan	7.876757e-01	1.803741e+00	nan	-3.406497e-01	51.449000
FCB	1	749600000	nan	1.133450e+00	1	9	8	xy-grid	210000	40000	68.430000	68.430000	26250.000000	40000	9	13	11	8	4	11	6	5	11	5.873670e+00	3.539629e+00	-3.285560e-01	5.216658e-02	-3.717532e-01	1.031887e+00	-3.520725e-01	nan	-3.773695e-01	54.491000
FCB	1	749640000	nan	1.345914e-01	1	9	8	xy-grid	210000	40000	68.430000	68.430000	26250.000000	40000	9	12	12	9	7	12	4	5	12	nan	1.818733e+00	-3.620607e-01	9.445093e-02	-3.717867e-01	1.055939e+00	-3.736950e-01	-3.762561e-01	-4.085929e-01	48.064000
FCB	1	749680000	nan	2.349998e+00	1	9	8	xy-grid	210000	40000	68.430000	68.430000	26250.000000	40000	7	12	11	10	9	12	2	7	12	6.455728e+00	5.818326e+00	-3.377637e-01	-2.176161e-01	-3.340681e-01	1.223629e+00	nan	6.566792e+00	-3.750396e-01	61.994000
FCB	1	749720000	nan	2.072911e+00	1	9	8	xy-grid	210000	40000	68.430000	68.430000	26250.000000	40000	8	13	12	11	12	11	1	10	11	6.797010e+00	6.288157e+00	-3.336502e-01	-2.484432e-01	-3.316073e-01	1.412754e+00	nan	3.374279e+00	-3.752097e-01	69.187000
FCB	1	749760000	nan	2.468217e+00	1	9	8	xy-grid	210000	40000	68.430000	68.430000	26250.000000	40000	10	13	12	10	12	12	1	12	8	7.664822e+00	6.451691e+00	-3.241945e-01	-3.217017e-01	-3.244444e-01	1.079156e+00	nan	5.888956e+00	-3.685446e-01	54.522000
FCB	1	749800000	nan	2.753712e+00	1	9	8	xy-grid	210000	40000	68.430000	68.430000	26250.000000	40000	12	13	12	11	13	12	3	13	6	7.759345e+00	7.467269e+00	-3.071924e-01	-3.195040e-01	-3.132547e-01	1.136302e+00	nan	6.965057e+00	-3.583217e-01	66.706000
FCB	1	749840000	nan	2.491541e+00	1	9	8	xy-grid	210000	40000	68.430000	68.430000	26250.000000	40000	11	13	13	10	13	13	5	13	4	6.874502e+00	7.125578e+00	-3.027352e-01	-3.324600e-01	-2.977655e-01	9.179034e-01	-3.512725e-01	6.298578e+00	nan	49.328000
FCB	1	749880000	nan	2.213449e+00	1	9	8	xy-grid	210000	40000	68.430000	68.430000	26250.000000	40000	13	13	12	9	12	13	6	13	1	5.686470e+00	6.170496e+00	-2.576317e-01	-3.438253e-01	-7.076124e-02	1.259509e+00	4.158572e-01	4.847476e+00	nan	83.788000
FCB	1	749920000	nan	2.383610e+00	1	9	8	xy-grid	210000	40000	68.430000	68.430000	26250.000000	40000	13	13	13	9	13	12	9	12	0	5.064813e+00	5.673193e+00	-3.237262e-01	-3.485806e-01	1.080821e+00	1.926456e+00	2.260099e+00	3.735804e+00	nan	50.155000
FCB	1	749960000	nan	1.589918e+00	1	9	8	xy-grid	210000	40000	68.430000	68.430000	26250.000000	40000	12	12	13	8	12	13	11	11	0	3.613836e+00	2.572791e+00	-3.972124e-01	-4.177655e-01	1.720372e+00	-3.557259e-01	3.309030e+00	2.674021e+00	nan	53.648000
